1 239 0 0 19 0 37 47 15 0 1 592 0 0 0 42 0 0 69 0 0 41 235 0 313 0 0 0 0 0 0 122 0 0 0 0 0 0 0 0 37 325 0 0 0 0 0 221 74 0 0 0 0 0 0 0 0 16 193 0 0 74 265 0 0 16 0 41 0 26 0 0 0 0 0 34 24 42 0 18 0 0 0 0 0 0 0 0 0 0 0 435 0 168 0 143 0 0 54 0 0
0 364 12 2 98 0 119 79 0 0 79 503 69 0 0 0 0 0 32 0 0 56 320 137 262 26 0 0 8 0 35 150 0 0 40 0 0 14 0 16 173 338 0 59 30 0 0 250 34 13 8 38 0 88 84 0 0 202 264 34 0 119 250 0 0 71 0 247 27 48 11 104 98 0 0 8 0 8 6 0 0 0 0 0 0 0 0 0 0 72 5 372 0 121 0 204 0 6 77 0 0
1 269 28 0 0 0 47 58 0 0 4 423 0 0 0 54 0 0 30 0 0 85 248 0 319 0 0 0 0 0 0 125 0 0 0 0 0 0 0 0 38 326 0 0 0 0 0 232 15 0 0 0 0 77 0 0 0 13 291 4 0 76 242 0 0 0 0 25 0 0 0 0 0 79 0 80 0 0 0 0 20 0 0 0 0 0 0 0 0 0 7 448 0 149 0 159 0 0 17 0 8
1 270 54 23 114 6 1 33 0 0 60 562 0 0 0 36 0 0 148 0 0 36 284 52 281 12 0 8 5 0 17 167 0 5 6 0 0 0 0 31 172 247 0 0 23 41 0 268 38 32 0 26 0 36 56 0 0 28 316 0 0 65 226 0 0 39 0 141 39 48 0 0 65 0 0 89 0 0 0 25 22 0 0 0 0 0 0 24 0 0 0 382 0 168 0 174 0 0 40 0 0
0 312 56 0 126 0 157 72 5 0 26 364 0 0 0 20 2 0 31 0 0 31 13 0 695 0 4 0 66 0 0 222 0 44 0 139 0 0 0 0 0 219 0 114 0 0 1 369 38 0 0 0 0 100 0 63 0 0 55 0 32 100 0 0 0 0 0 470 0 0 148 0 28 60 50 52 0 32 14 0 13 0 1 0 0 0 0 0 58 0 38 292 0 116 0 35 0 0 321 72 1
0 446 18 0 284 21 0 30 0 14 116 508 0 18 39 0 0 0 77 10 0 35 489 42 33 90 115 0 58 142 203 481 4 64 58 234 41 10 0 46 37 296 0 91 0 0 0 399 36 38 0 0 36 112 0 0 0 45 0 26 32 85 0 0 247 0 0 732 5 0 79 16 301 20 124 37 0 26 59 0 12 0 0 0 61 3 0 33 123 14 36 0 79 268 0 41 0 8 489 150 0
1 313 48 0 128 0 250 137 0 0 0 433 0 0 0 1 0 0 49 0 0 11 17 0 619 0 0 0 34 0 0 229 0 0 0 71 0 0 0 0 0 212 0 55 0 0 0 373 54 0 33 0 0 49 0 10 113 0 87 10 41 179 56 3 0 0 0 397 0 0 77 0 11 0 19 35 0 0 50 0 8 0 0 0 3 0 0 0 21 0 20 354 0 171 11 59 0 0 371 39 5
0 293 22 0 97 0 252 205 0 0 0 436 0 0 0 43 61 0 51 49 0 44 35 59 576 0 0 0 54 0 40 288 0 0 0 65 0 0 0 0 0 224 0 77 0 0 0 461 0 0 0 0 0 85 0 3 59 0 129 37 0 201 119 1 0 0 0 441 0 0 57 0 69 96 0 12 0 0 0 0 0 0 0 0 0 0 0 0 1 0 0 210 0 188 23 87 0 0 381 26 4
0 209 41 0 8 0 15 58 0 0 0 392 0 0 0 54 0 0 40 0 0 65 221 0 320 0 0 0 0 0 0 160 0 0 0 0 0 0 0 0 70 304 0 11 0 0 0 260 12 0 0 0 0 44 0 0 0 3 254 3 0 46 263 0 0 0 0 63 0 10 0 6 0 43 0 121 0 55 0 3 0 0 0 0 0 0 0 0 0 0 28 380 0 204 0 172 0 0 0 0 0
0 207 11 0 167 0 289 76 0 49 251 257 0 112 78 30 201 0 44 189 0 27 195 30 167 187 168 32 73 0 108 288 47 13 98 279 74 0 0 82 88 241 56 76 0 0 0 217 26 63 20 0 12 117 15 24 0 17 60 55 0 278 54 0 185 0 0 479 0 134 88 5 106 0 0 148 0 0 25 0 2 0 146 0 10 86 0 59 0 158 0 182 0 331 63 175 0 0 251 104 0
0 377 115 0 0 1 227 93 0 0 0 498 29 0 0 11 0 0 84 0 0 0 329 0 292 6 6 0 0 0 5 146 0 0 12 0 0 9 0 0 9 356 0 19 0 63 0 250 52 0 0 0 0 96 11 0 0 50 284 15 0 110 222 0 0 0 0 213 32 0 0 30 154 83 0 61 0 0 0 27 7 0 0 16 0 0 0 0 0 93 5 364 0 105 0 205 0 0 27 0 0
1 434 153 0 246 13 0 2 0 24 195 494 0 87 69 33 0 0 113 0 0 42 497 0 39 110 110 7 90 45 158 469 21 0 34 226 43 2 0 49 44 289 18 140 0 0 0 420 30 33 0 0 41 86 13 3 0 4 0 48 52 20 0 0 287 0 0 637 0 25 64 0 156 0 55 22 17 0 38 0 0 0 0 2 0 0 0 21 50 0 0 0 0 283 0 8 0 0 479 93 0
0 338 41 0 127 0 70 68 0 0 105 449 4 44 0 0 0 0 33 0 0 15 274 0 312 23 0 22 0 0 17 177 0 0 21 0 0 0 0 52 248 269 6 0 52 0 0 273 108 40 0 59 0 71 83 0 9 151 302 0 0 95 258 0 0 97 0 185 33 0 7 0 80 28 2 103 0 0 7 0 10 0 0 0 0 0 0 21 0 0 0 348 0 166 0 170 0 0 0 0 0
1 236 14 0 147 0 150 52 0 0 0 330 0 12 0 14 142 0 39 203 0 9 10 14 834 0 1 0 84 0 127 280 0 9 2 92 0 0 6 0 0 207 0 98 0 17 0 439 33 0 0 0 0 116 0 35 0 48 21 0 31 77 20 0 0 0 0 532 0 27 123 0 14 5 32 24 0 6 28 0 23 0 23 100 9 0 0 0 31 0 27 276 0 98 0 9 0 0 373 49 0
0 497 7 0 57 11 0 59 0 0 0 434 17 0 0 96 3 0 51 87 0 28 390 0 91 51 65 0 0 100 130 435 1 8 17 65 6 25 0 20 0 355 15 1 0 13 71 364 0 0 0 0 17 101 0 0 0 69 47 0 43 90 0 0 15 0 0 156 0 18 0 0 702 0 0 118 0 0 119 0 13 0 15 26 0 26 34 0 0 0 37 0 0 324 51 104 0 30 441 9 0
1 253 22 0 29 0 221 110 0 0 0 396 0 22 0 50 107 0 43 108 33 67 1 5 645 0 0 0 73 0 76 218 0 0 41 96 0 0 0 0 0 186 0 82 0 0 0 360 54 0 4 0 0 0 0 17 0 24 50 0 12 122 142 0 0 0 0 521 0 23 110 28 15 0 18 9 0 0 86 0 34 0 13 0 1 36 0 0 20 0 35 284 0 137 129 55 1 0 412 54 0
0 303 0 0 205 3 88 68 0 55 277 335 0 122 66 68 15 0 59 60 0 37 214 0 140 178 166 29 65 41 54 293 50 0 35 127 81 0 0 77 79 242 5 29 0 85 0 214 36 67 0 0 20 105 20 0 0 15 8 0 32 247 67 0 257 0 0 443 0 66 54 115 147 86 20 100 0 0 51 0 0 0 0 0 35 0 0 64 3 52 28 196 22 327 0 121 0 0 329 36 0
0 411 77 0 157 15 0 25 0 44 233 449 8 11 30 0 125 0 20 172 0 96 477 147 18 212 220 0 33 33 149 457 54 0 95 124 79 0 0 84 90 247 2 0 0 0 0 382 0 62 0 0 0 83 65 0 0 121 0 10 29 43 0 0 136 0 0 454 1 109 29 0 219 0 0 25 0 5 57 0 11 0 40 0 0 26 0 62 0 78 23 0 14 230 1 23 0 10 439 30 0
0 339 40 0 227 0 172 121 0 0 0 347 0 0 0 44 45 72 68 25 0 0 39 83 375 0 6 0 105 0 9 254 0 0 0 123 0 0 0 0 0 203 0 104 0 12 0 403 43 0 0 0 3 99 0 41 0 0 70 0 44 137 25 0 0 0 0 591 0 0 125 0 5 0 56 0 0 0 40 0 5 0 4 0 0 0 0 0 39 0 0 186 0 110 29 64 0 0 411 62 0
0 429 80 16 150 0 0 0 22 0 125 532 0 0 0 11 34 137 93 62 0 32 511 0 34 143 154 0 17 0 61 477 101 0 71 132 33 0 0 38 51 285 0 0 0 19 0 451 14 10 0 0 1 41 19 0 0 59 0 0 0 0 0 0 79 0 0 417 0 72 25 0 190 32 55 85 0 0 70 0 0 0 0 0 0 0 0 14 53 0 0 0 0 119 0 0 3 0 487 54 0
0 376 20 21 134 0 0 0 0 28 199 527 0 85 28 40 0 0 77 0 0 59 468 264 32 137 167 0 13 19 1 454 55 0 89 172 58 0 0 50 60 307 4 5 0 39 0 416 30 52 12 0 10 61 21 0 0 0 0 1 21 0 0 0 212 0 0 419 0 43 63 0 166 45 44 1 0 0 39 0 25 0 0 0 0 0 0 48 49 0 21 0 0 172 0 0 0 0 497 91 0
0 253 20 0 326 0 187 136 0 0 0 447 0 25 0 0 99 10 3 94 0 85 22 20 399 19 20 0 135 0 78 248 0 0 44 170 0 0 0 0 0 190 0 76 0 0 0 410 8 0 0 0 25 72 0 86 9 0 98 0 95 130 81 0 0 0 0 616 0 9 174 0 56 0 83 187 0 0 27 0 8 0 32 0 0 0 0 0 64 0 0 153 0 132 58 40 0 0 324 102 2
0 314 60 0 48 42 101 58 27 0 78 411 0 0 0 53 0 0 61 0 0 52 286 2 300 5 0 0 0 0 3 160 0 0 1 0 0 0 0 0 131 323 0 95 0 14 0 268 23 0 0 2 0 74 27 0 0 125 241 0 0 115 331 0 0 80 0 160 62 76 0 9 91 14 0 0 0 0 0 0 0 0 0 0 0 0 0 0 0 99 12 376 0 162 0 195 0 2 0 0 0
1 334 0 0 10 8 63 61 0 0 9 461 15 0 0 10 0 0 41 0 0 65 292 80 292 36 11 0 11 0 0 151 0 0 27 0 0 0 0 0 47 303 0 38 0 22 0 249 16 0 14 0 0 78 41 0 0 112 298 0 0 113 275 0 0 34 0 131 43 0 0 0 60 0 0 6 86 0 0 0 0 0 0 76 0 0 0 0 0 6 151 431 0 153 0 193 0 0 51 0 0
0 416 376 0 144 0 0 0 85 41 216 514 4 71 49 23 0 0 37 0 0 15 475 0 22 116 133 13 31 0 29 481 67 0 53 181 74 0 0 60 66 286 0 40 0 0 0 443 35 59 0 0 1 30 36 0 0 39 0 0 0 0 0 0 220 0 0 425 0 55 63 0 100 17 53 49 0 0 30 0 0 0 0 0 0 0 0 56 58 0 0 0 0 112 0 0 0 0 486 85 0
0 384 61 0 164 15 0 0 12 66 256 505 5 137 68 34 0 0 46 0 0 34 488 0 46 44 53 29 19 44 39 427 48 31 56 154 93 6 0 75 79 363 0 28 5 0 0 363 0 82 5 1 1 32 48 0 0 0 0 73 33 0 0 0 299 0 0 472 9 34 46 64 177 0 41 25 0 5 95 0 0 0 0 0 0 10 0 76 53 7 0 0 12 255 0 0 0 3 477 74 0
1 271 159 0 95 0 212 103 1 0 0 412 6 22 0 6 52 54 0 96 0 0 25 30 708 0 1 0 78 0 63 261 0 0 35 90 0 0 0 0 0 205 0 113 0 0 0 426 63 0 0 0 0 0 0 20 0 8 41 23 38 109 124 0 9 0 0 545 0 35 111 90 0 15 20 45 0 0 75 0 0 0 7 35 0 32 0 0 24 0 30 229 0 133 137 45 0 0 461 51 0
0 257 41 0 7 0 60 49 0 0 0 366 57 0 0 68 0 0 2 0 0 22 246 0 313 19 9 0 0 0 0 138 3 0 0 0 0 9 185 3 117 265 0 22 0 0 19 239 15 0 4 0 0 119 13 0 0 272 243 0 0 88 223 0 0 0 0 172 23 0 0 0 62 30 0 86 0 0 0 0 28 0 0 0 0 0 0 0 0 135 160 398 0 150 0 135 0 12 17 0 0
1 312 12 0 76 0 181 89 0 0 31 335 0 59 0 4 93 0 19 182 0 93 1 0 588 0 0 0 66 0 125 239 0 0 68 88 0 0 0 0 0 202 0 67 0 0 0 390 2 0 0 0 0 109 0 16 0 18 45 0 42 109 70 0 11 0 0 465 0 40 111 30 0 0 19 209 20 0 127 0 3 0 2 0 0 18 0 0 27 0 0 253 0 116 14 52 0 0 417 53 18
0 491 11 0 206 0 0 0 0 0 157 456 11 0 0 28 0 0 1 0 0 30 389 0 59 176 196 0 54 17 110 334 103 0 62 199 39 6 0 54 44 434 0 73 4 0 0 260 24 26 0 3 0 29 70 2 0 19 0 1 18 0 0 0 185 0 0 533 0 70 69 0 173 0 43 31 0 4 51 0 0 0 0 0 0 0 0 16 55 37 0 0 69 389 0 0 0 0 451 81 58
1 127 0 0 195 0 0 0 0 65 227 268 5 128 89 53 168 0 47 183 0 7 392 48 38 181 195 36 57 0 130 329 89 32 169 261 95 1 0 96 101 161 5 0 2 7 58 279 5 79 0 5 0 0 31 0 0 61 0 123 12 0 0 24 155 0 0 633 0 107 70 97 145 0 70 47 0 0 86 0 4 0 80 0 0 33 0 74 73 6 0 0 5 112 11 0 0 0 235 130 13
1 297 33 0 20 0 32 67 0 0 0 431 54 0 0 14 0 0 11 0 0 25 274 99 302 42 25 0 0 0 0 167 11 0 23 0 0 20 0 18 108 259 0 0 1 10 0 263 33 8 0 2 0 62 71 0 0 277 318 0 0 125 284 0 0 69 0 170 0 0 0 0 25 0 0 13 0 0 0 0 10 0 0 64 0 4 0 0 0 0 0 429 0 159 0 182 0 24 34 0 0
1 241 35 0 3 0 29 49 11 2 101 377 0 20 0 0 0 42 76 0 0 15 226 0 294 5 5 27 0 0 0 146 38 0 0 99 23 0 0 92 141 235 0 0 87 31 11 242 0 66 0 101 0 46 28 0 0 140 244 0 0 77 242 0 31 20 0 147 8 0 0 19 57 0 0 33 0 0 0 0 31 0 0 0 0 0 0 41 0 62 7 380 0 161 0 81 0 0 0 0 0
0 448 41 0 203 0 0 0 0 32 212 427 0 54 52 48 0 19 34 7 0 27 457 0 20 126 128 2 39 74 50 464 15 0 71 276 55 0 0 63 71 259 0 146 0 37 0 402 0 44 0 0 10 31 7 27 0 0 0 9 19 0 0 0 307 0 0 600 0 45 98 0 286 0 130 27 0 82 30 0 0 0 0 0 19 0 0 41 121 7 26 0 88 237 0 0 0 0 412 145 0
0 222 45 0 0 0 45 41 0 0 0 545 0 0 0 48 0 0 49 0 0 37 242 20 345 0 0 0 0 0 0 135 0 0 0 0 0 0 0 0 0 343 0 0 0 52 0 237 18 0 0 0 0 134 0 0 22 118 182 0 0 48 266 0 0 0 0 15 0 0 0 0 0 0 0 7 0 0 0 0 0 0 0 0 27 0 0 0 0 0 51 359 0 205 0 155 0 0 53 0 0
1 455 12 0 314 21 0 33 0 31 182 508 1 51 125 27 0 0 52 0 0 106 501 33 55 115 114 1 46 44 188 464 0 78 52 261 45 0 0 39 38 284 0 174 0 0 0 411 12 36 0 0 35 169 23 9 0 0 0 0 58 52 0 0 189 0 0 707 1 19 95 9 181 35 81 5 0 0 81 13 0 0 0 0 15 0 0 36 90 0 2 0 0 269 0 0 0 0 499 140 0
0 509 65 0 31 0 0 36 0 0 0 536 2 0 0 18 0 0 108 16 0 0 519 111 14 27 40 0 0 48 37 549 0 15 0 33 0 0 0 0 0 386 0 0 0 0 0 505 23 0 0 0 0 93 0 0 0 41 18 0 0 73 12 0 0 0 0 137 0 0 0 79 415 0 0 35 0 24 33 0 4 0 0 34 0 0 0 0 0 0 0 0 3 398 0 48 0 7 511 0 14
0 345 0 0 151 0 95 61 0 36 225 465 0 9 41 17 59 0 0 82 0 115 388 0 110 173 173 0 11 0 61 389 91 12 64 237 65 0 0 76 72 362 0 19 0 90 0 328 31 53 0 0 0 120 16 0 0 41 122 15 37 194 64 0 137 0 0 413 0 58 59 15 161 0 85 52 0 0 59 0 17 0 24 0 0 0 0 43 82 21 18 248 0 403 0 85 0 0 441 121 0
1 224 0 0 0 0 66 53 0 0 6 354 5 0 0 0 0 0 0 0 0 25 234 5 344 17 17 0 0 0 0 156 35 25 0 0 0 0 0 8 77 276 0 4 0 0 30 263 0 0 0 0 0 38 0 0 0 165 234 0 0 50 203 0 0 0 0 78 12 0 0 46 0 0 0 84 0 0 0 0 0 0 0 0 0 0 0 0 0 191 31 383 0 182 0 120 0 0 0 0 0
0 356 7 0 41 0 84 68 0 0 65 501 63 0 0 30 0 0 84 0 0 6 325 3 279 22 0 0 0 0 11 161 0 2 27 0 0 33 0 9 113 301 0 0 39 0 0 256 15 4 0 43 0 13 77 0 0 157 291 0 0 111 257 0 0 39 0 231 0 0 0 154 12 9 19 42 142 0 3 0 30 0 0 0 0 0 0 0 0 0 11 345 0 138 0 200 0 0 8 0 0
1 285 4 0 2 0 13 52 0 0 0 443 0 0 0 52 0 0 145 0 0 151 246 0 344 0 0 0 0 0 0 160 0 0 0 0 0 0 0 0 70 245 0 0 0 80 0 258 0 0 0 0 0 84 0 0 0 0 394 0 0 63 222 0 0 0 0 86 0 0 0 16 0 10 0 26 0 0 0 0 27 0 0 0 0 0 0 0 0 0 19 396 0 171 0 221 0 0 33 0 2
0 452 3 0 77 5 0 18 0 0 252 503 4 50 9 55 74 0 43 72 0 76 461 0 51 86 157 0 0 0 47 443 60 0 116 138 63 0 0 74 84 366 37 0 0 0 0 399 27 47 0 0 0 51 16 0 0 37 17 0 4 19 0 0 187 0 0 334 2 78 59 0 204 34 45 46 0 22 44 0 0 0 21 0 0 0 0 40 49 16 32 0 0 234 0 17 0 0 477 71 69
0 298 9 0 23 0 52 63 0 0 30 434 106 0 0 74 0 0 31 20 0 18 277 5 264 46 13 0 19 0 0 140 0 31 19 0 0 45 0 8 168 297 26 53 0 31 0 234 21 2 0 0 0 70 5 0 0 133 286 6 0 78 227 0 0 14 0 212 15 1 0 0 35 0 20 91 17 15 0 12 65 0 0 0 0 0 0 0 0 89 32 408 0 141 0 175 0 1 88 0 22
1 265 0 0 196 0 163 59 1 0 0 333 0 0 0 13 103 0 66 212 0 35 0 0 750 0 0 0 90 0 149 203 0 0 0 111 0 0 0 0 0 194 0 96 0 0 0 321 0 0 0 0 0 11 0 47 0 22 29 8 45 90 21 0 0 0 0 558 0 0 145 0 8 69 46 114 0 0 70 0 0 0 23 0 0 0 0 0 46 0 19 260 0 119 0 14 0 0 350 69 0
0 217 8 0 28 1 47 42 0 0 8 344 0 0 0 52 0 0 77 0 0 104 206 33 328 0 0 0 0 0 0 141 0 0 0 0 0 0 0 0 62 302 0 128 0 20 1 237 0 0 3 0 0 0 0 0 0 142 167 0 0 49 215 0 0 0 0 131 21 37 0 0 19 0 0 79 0 0 0 0 0 0 0 0 0 0 0 0 0 59 19 388 0 181 0 96 0 19 0 0 0
0 297 5 0 226 0 155 110 0 0 11 384 0 0 0 30 4 0 18 27 0 19 44 22 407 20 28 0 98 0 3 251 0 0 0 128 0 0 0 0 0 204 0 100 0 0 0 388 32 0 43 0 0 0 0 47 0 0 67 0 15 152 12 0 0 0 0 573 0 0 137 76 0 0 46 0 10 0 79 0 66 0 0 0 0 0 0 0 42 0 0 103 0 114 0 64 9 0 372 72 0
0 240 38 0 0 0 50 43 0 0 10 586 0 0 0 56 0 0 26 0 0 46 222 0 316 7 14 0 83 0 0 140 0 0 0 0 0 0 0 0 14 311 0 254 0 0 0 221 110 0 0 0 0 61 0 0 0 156 120 12 0 39 200 0 0 0 0 89 13 12 0 0 20 0 0 54 0 31 0 1 12 0 0 23 21 0 0 0 0 195 0 407 0 165 0 72 0 17 74 0 0
0 299 37 0 199 0 97 59 0 45 387 395 26 166 51 13 0 0 61 0 0 236 165 0 270 120 133 24 23 19 183 58 9 0 38 223 70 29 0 78 82 268 24 30 0 16 0 44 2 57 0 0 20 89 0 0 0 0 99 0 0 235 96 0 400 0 0 459 0 78 89 63 240 0 79 54 0 0 27 0 0 0 0 0 13 10 0 53 66 26 265 40 0 295 31 80 0 0 409 111 0
1 309 16 0 52 0 114 72 0 0 44 379 0 0 0 12 34 0 38 0 0 18 245 0 299 0 0 11 0 0 15 129 0 27 0 0 4 0 0 21 185 304 0 0 24 0 0 234 43 16 0 31 0 24 51 0 69 95 313 0 0 137 293 0 0 92 0 219 7 0 0 0 126 3 0 26 0 36 0 0 0 0 0 0 0 0 0 5 0 0 4 409 0 140 0 165 0 1 3 0 0
1 306 9 0 13 7 70 50 0 0 42 537 0 0 0 0 0 0 33 0 0 67 259 84 293 0 0 0 0 0 31 133 0 0 0 0 0 0 0 0 61 278 0 0 0 3 0 235 36 0 32 0 0 59 0 0 0 43 272 10 0 100 256 0 0 0 0 175 41 0 0 19 64 0 0 68 0 0 0 0 14 0 0 10 0 0 0 0 0 0 0 433 0 157 0 140 0 0 25 0 0
0 445 0 0 201 10 56 13 0 43 265 483 0 115 79 36 0 0 58 22 0 37 426 0 49 165 224 27 30 0 12 401 0 0 53 242 62 0 0 79 76 286 0 109 0 0 0 309 61 50 0 0 0 19 66 0 0 0 15 0 33 79 59 0 247 0 0 551 0 60 62 29 107 0 82 0 0 27 91 0 15 0 0 57 3 13 0 50 88 0 7 151 0 358 0 10 8 0 469 128 0
1 325 28 37 73 63 139 81 4 0 83 400 0 0 0 32 0 0 110 0 0 17 271 0 299 18 0 0 0 0 0 133 12 0 0 0 1 0 0 21 211 325 0 0 0 7 0 239 0 13 0 0 0 37 32 0 0 119 293 9 0 138 297 0 0 44 0 251 125 0 27 42 151 0 0 52 0 0 0 0 15 0 0 0 16 0 0 8 0 0 10 422 0 134 0 191 0 9 21 0 0
0 371 139 0 178 0 143 62 0 11 252 362 0 104 11 19 67 0 94 100 0 38 178 0 232 169 162 0 54 0 102 179 0 83 31 173 37 0 0 35 46 253 32 21 0 0 0 137 0 16 0 0 3 66 0 0 0 14 71 38 0 218 40 0 216 0 0 484 0 19 63 57 299 114 41 56 0 0 49 0 18 0 24 32 0 1 0 22 24 97 7 92 0 439 0 49 0 0 382 63 0
0 297 12 0 265 0 211 137 0 0 0 372 0 0 0 24 48 0 81 0 0 42 31 21 402 17 14 0 126 0 0 232 0 4 0 164 0 0 0 0 0 197 0 76 0 34 0 387 0 0 48 0 15 9 0 86 0 0 87 0 70 150 88 0 0 2 0 594 0 0 180 21 29 60 68 102 0 0 65 0 0 0 23 0 2 0 0 0 62 0 115 179 0 139 125 64 0 7 343 102 0
1 316 39 0 86 0 62 95 33 0 45 489 0 0 0 30 0 0 25 0 0 24 296 15 215 0 0 0 0 0 0 154 0 0 0 0 0 0 53 46 176 283 11 0 67 0 0 224 41 21 0 65 0 53 69 0 0 74 383 0 0 113 214 0 0 65 0 125 0 0 0 0 0 6 0 132 0 43 0 0 8 0 0 14 0 0 0 4 0 0 24 398 0 125 0 204 0 0 68 0 0
0 270 0 0 296 0 179 108 0 0 10 319 0 0 0 6 21 0 93 0 0 28 13 19 469 14 16 0 114 0 0 297 0 0 1 166 0 0 0 0 0 201 0 90 0 0 0 455 33 0 6 0 28 64 0 87 0 0 71 0 96 117 23 0 0 0 0 570 0 0 176 0 109 42 69 17 0 42 23 2 0 0 18 11 0 0 0 0 63 0 5 184 0 123 34 32 0 0 326 94 0
1 437 10 0 118 0 0 0 0 22 181 554 0 66 35 25 0 0 33 0 0 64 487 0 53 124 122 0 0 19 15 413 6 0 20 120 41 0 0 51 48 428 0 77 0 0 0 378 35 35 0 0 9 28 0 0 0 0 0 0 27 0 0 0 167 0 0 369 0 7 37 0 114 0 41 58 0 0 62 0 42 0 0 0 0 0 0 31 36 0 34 0 0 357 10 0 0 0 526 37 0
1 437 10 0 326 6 0 29 0 37 213 497 11 118 97 41 0 0 42 0 0 102 471 18 58 121 138 22 183 19 144 450 0 0 113 242 59 18 0 56 56 265 49 100 0 0 29 379 14 48 10 0 54 45 9 13 0 59 21 16 0 53 20 0 362 0 0 787 0 12 81 147 136 0 66 0 0 82 41 0 0 0 0 0 0 0 0 43 56 0 174 0 0 323 2 74 6 10 475 80 0
1 290 17 11 15 22 70 59 0 0 83 419 30 0 0 16 0 0 46 0 0 38 261 6 279 6 19 0 17 0 0 123 97 0 14 0 0 0 0 20 78 321 0 56 0 9 0 223 0 8 0 0 0 90 18 0 0 58 329 0 0 108 249 0 27 0 0 182 44 3 0 0 56 0 0 51 0 80 0 46 0 0 0 0 0 0 0 6 0 291 0 445 0 129 0 160 0 0 34 0 0
0 381 19 0 87 0 88 88 0 0 31 506 84 2 0 31 0 0 55 0 0 42 304 0 274 0 0 0 9 0 32 151 0 0 26 0 0 27 0 27 173 323 19 331 50 0 0 250 13 14 0 59 0 68 62 0 0 77 344 49 0 90 217 0 0 81 0 266 25 18 0 134 11 0 0 66 0 0 7 0 0 0 0 0 0 0 0 0 0 187 20 331 0 127 0 211 0 0 27 0 0
1 199 23 0 218 0 10 0 0 42 232 185 18 107 63 46 0 0 26 0 0 19 211 18 148 103 118 29 6 3 35 299 21 0 12 179 69 35 0 65 67 461 2 161 0 0 0 261 53 51 0 0 0 94 10 1 0 0 31 0 40 77 10 0 247 0 15 431 0 67 51 19 50 101 58 37 0 0 88 0 77 0 0 0 0 15 0 45 56 0 23 106 0 437 0 26 0 0 222 76 18
1 318 87 0 55 0 193 123 0 0 0 361 0 58 0 22 160 17 0 227 0 45 47 104 460 0 0 0 89 0 147 240 0 0 21 96 0 0 0 0 0 193 0 92 0 3 0 392 0 0 0 0 0 84 0 13 0 9 64 9 31 130 81 0 0 0 0 531 0 72 99 0 0 11 27 46 0 19 92 0 0 0 23 32 26 0 0 0 24 0 6 192 0 120 15 64 0 0 406 57 0
0 275 19 0 287 0 119 60 0 0 0 304 0 48 0 22 111 0 151 147 0 0 20 47 583 29 32 0 113 0 92 229 0 0 0 159 0 0 0 0 0 193 0 74 0 0 0 374 2 0 0 0 6 229 0 99 0 0 28 0 80 86 0 1 0 6 0 582 0 0 192 0 0 4 67 78 0 0 34 0 91 0 41 5 0 0 0 0 59 0 25 183 0 94 0 20 0 0 347 90 0
1 346 18 0 138 0 0 0 0 0 105 553 0 0 0 0 46 0 61 35 0 49 478 0 58 101 150 0 16 0 70 403 16 0 30 95 11 23 0 10 17 480 0 0 0 0 0 380 48 0 0 0 6 85 0 0 0 0 0 0 0 0 0 0 0 0 0 311 0 1 18 0 122 10 42 96 23 0 44 0 110 0 10 0 4 18 0 0 48 17 0 0 0 423 0 0 0 0 525 39 0
0 225 21 29 0 3 80 57 0 0 17 304 0 0 0 9 0 0 44 0 0 18 196 0 328 0 0 0 0 0 0 138 0 0 0 0 0 0 0 0 40 296 0 25 0 15 0 235 21 0 28 0 0 164 0 0 0 67 126 25 0 49 182 0 0 0 0 102 25 0 0 0 19 0 0 35 0 0 0 22 1 0 0 0 0 0 0 0 0 64 9 418 0 154 0 84 0 0 0 0 63
0 249 69 0 0 0 40 54 0 0 0 574 0 0 0 45 0 0 43 0 0 52 225 0 320 0 0 0 0 0 0 135 0 23 0 0 0 0 0 0 31 279 0 0 0 8 0 235 0 0 0 0 0 76 0 0 0 20 303 32 0 70 236 0 0 8 0 34 0 0 0 0 17 0 0 72 0 0 0 0 202 0 0 9 22 0 0 0 0 0 1 387 0 170 0 130 0 0 34 0 0
0 148 28 0 39 5 0 28 0 0 0 290 0 0 0 32 0 0 54 48 0 22 197 0 50 0 5 0 0 51 93 154 0 0 0 57 0 0 0 14 5 197 38 0 0 0 0 118 0 0 13 0 0 70 0 0 0 38 0 0 21 35 0 0 0 0 0 262 2 0 0 0 552 0 6 4 7 0 104 0 0 0 23 0 0 26 11 0 0 0 22 0 1 267 26 0 0 44 279 2 0
0 363 23 13 284 0 187 117 0 27 263 405 26 89 49 56 0 0 33 0 0 28 200 85 230 115 115 0 62 2 100 195 0 0 58 255 44 35 0 42 43 282 0 85 0 0 0 135 17 30 12 0 18 170 0 0 0 31 102 0 0 296 105 0 298 0 0 631 0 65 101 32 82 0 106 0 15 0 25 0 41 0 0 0 0 0 0 27 97 0 2 123 0 423 0 99 0 0 405 155 0
1 404 6 0 237 4 0 7 0 0 142 474 22 58 43 25 130 0 19 147 0 6 411 0 66 260 261 0 52 0 120 342 50 33 164 266 29 19 0 53 51 374 0 0 0 0 56 293 40 0 72 0 4 52 39 0 0 96 0 0 29 15 0 0 100 33 0 632 2 68 70 0 52 0 80 66 6 0 86 0 26 0 55 0 3 28 0 0 78 9 7 0 31 408 0 81 0 54 452 145 0
1 314 49 0 91 0 214 123 0 0 0 366 0 0 0 5 40 0 113 38 0 24 50 0 529 20 16 0 96 0 47 205 0 0 12 155 0 0 0 0 0 215 0 87 0 0 0 349 2 0 5 0 0 52 0 66 0 0 72 27 24 124 100 0 0 0 0 530 0 0 151 0 26 52 33 0 0 0 48 6 16 0 17 8 76 45 0 0 46 0 2 316 0 131 238 69 0 0 325 76 0
0 340 33 0 83 0 69 78 0 0 68 506 24 0 0 13 0 0 67 0 0 35 313 30 294 37 0 6 0 0 26 169 0 0 2 0 0 0 0 41 179 291 41 0 67 2 0 263 53 20 18 75 0 28 62 0 0 181 368 4 0 111 236 0 0 86 0 165 20 0 4 32 14 0 7 26 0 0 3 0 5 0 0 0 0 0 0 2 0 0 22 364 0 143 0 238 0 0 70 0 3
1 312 17 0 20 0 48 64 0 0 0 459 62 16 0 0 0 3 62 0 0 51 274 0 261 56 52 6 6 0 0 144 123 35 21 0 0 23 0 71 155 276 0 0 63 13 59 230 0 46 13 67 0 69 66 0 0 345 292 0 0 89 248 0 0 11 0 132 5 0 11 53 40 0 0 2 0 13 0 0 0 0 0 0 0 0 0 29 0 0 39 409 0 138 0 172 0 59 55 0 0
0 450 234 0 159 0 0 15 0 0 140 522 0 12 32 0 35 15 54 17 0 32 444 23 71 208 218 0 36 41 92 433 0 0 102 168 40 0 0 58 40 330 0 0 0 9 2 347 0 29 18 0 2 113 46 0 0 69 79 0 0 60 94 0 105 0 0 428 0 44 50 0 193 155 53 78 0 46 22 0 0 0 0 0 0 4 0 15 63 94 183 0 0 364 0 58 0 19 498 85 100
0 436 29 0 146 0 0 0 0 57 228 469 0 19 30 23 0 0 68 6 0 38 449 0 28 150 171 0 21 16 12 430 104 0 123 255 82 0 0 89 95 304 0 0 0 1 0 380 51 71 0 0 0 22 49 10 0 17 0 0 10 0 0 0 247 0 0 526 0 92 73 0 251 112 28 37 33 0 38 0 4 0 0 0 0 0 0 66 47 0 0 0 4 240 0 0 0 0 437 105 0
1 309 31 0 62 0 209 131 0 0 0 361 0 51 0 93 61 0 339 98 0 12 45 12 629 0 5 0 53 3 55 244 0 117 0 71 0 0 0 0 0 223 0 64 0 0 0 404 9 0 14 0 0 28 0 6 0 0 69 22 23 127 85 0 0 0 0 431 0 0 70 97 19 0 8 182 0 122 122 0 0 0 0 0 0 0 0 0 13 0 25 339 0 142 84 52 0 0 345 27 0
0 442 50 0 157 0 0 0 0 26 170 458 0 16 0 0 0 0 57 40 0 0 465 129 23 179 187 0 43 62 80 459 104 0 97 229 56 0 0 62 73 198 0 7 0 0 0 401 6 44 4 0 0 82 44 4 0 55 0 45 0 0 0 0 201 0 0 575 0 89 58 25 268 0 52 50 0 13 58 3 6 0 0 0 10 0 0 41 65 0 0 0 61 105 0 0 0 0 435 105 0
0 299 53 0 96 0 271 33 24 20 216 333 0 80 19 56 111 80 31 89 0 56 156 35 205 131 112 2 0 0 37 181 13 0 51 157 33 0 0 45 49 331 0 0 0 0 20 117 0 26 56 0 0 128 0 0 0 6 59 0 0 200 37 0 144 0 0 298 0 57 29 0 120 0 0 75 0 35 0 2 48 0 69 0 0 36 0 24 0 64 2 168 0 472 7 116 0 0 343 38 6
1 220 0 0 0 0 70 46 0 0 9 345 0 0 0 25 0 0 46 0 0 0 230 0 355 0 0 0 0 0 0 155 0 23 0 0 0 0 0 9 35 267 0 0 0 0 0 264 12 0 10 0 0 11 0 0 60 14 257 0 0 51 223 0 0 16 0 49 23 0 0 0 24 118 0 51 0 0 0 27 0 0 0 0 0 0 0 0 0 0 0 376 0 168 0 125 0 0 0 0 0
0 289 58 0 143 0 126 61 0 0 74 312 0 0 0 32 37 9 9 0 0 283 17 110 489 17 23 0 57 0 0 241 0 0 4 97 0 0 0 0 0 214 0 92 0 0 34 395 0 0 0 0 0 129 0 26 0 5 38 0 47 87 21 0 58 0 0 441 0 0 111 0 27 0 33 36 0 29 26 0 0 0 0 36 1 0 0 0 56 0 43 153 0 85 90 31 0 0 364 50 0
1 267 11 0 0 0 57 47 0 0 19 529 0 0 0 31 0 0 77 0 0 42 260 0 299 0 0 0 0 0 0 133 0 0 0 0 0 0 0 0 34 321 0 0 0 0 0 241 32 0 7 0 0 0 0 0 0 91 254 26 0 82 279 0 0 0 0 55 0 0 0 0 33 0 0 38 0 0 0 8 11 0 0 0 0 0 0 0 0 0 0 447 0 161 0 183 0 0 29 0 0
1 217 4 0 0 38 27 48 0 0 0 383 0 0 0 15 0 33 72 0 0 50 242 11 313 31 51 0 0 0 0 160 121 0 0 0 0 0 0 25 128 259 0 0 47 0 77 263 0 9 42 73 0 99 40 0 0 247 236 0 0 62 232 0 0 0 0 69 87 0 125 0 39 70 0 68 0 16 0 0 22 0 0 0 0 0 0 1 0 81 14 404 0 177 0 125 0 18 0 0 20
1 308 0 0 95 0 175 89 0 0 0 395 0 56 0 0 194 0 54 212 0 57 13 8 633 23 19 0 65 21 166 240 0 0 90 118 0 0 0 0 0 222 0 81 0 97 19 397 20 0 0 0 0 0 0 56 0 34 54 11 32 94 82 0 0 0 0 407 0 22 152 0 8 0 24 33 0 38 50 0 0 0 50 0 0 24 0 0 42 0 1 289 0 119 93 52 0 0 377 69 0
0 277 27 26 169 0 0 66 0 64 293 341 17 158 67 33 0 0 54 0 0 0 258 0 31 143 196 44 47 0 40 314 48 60 114 162 86 4 23 81 90 344 0 0 1 0 0 247 11 76 31 0 0 98 37 0 0 41 0 0 0 109 0 0 330 0 0 455 0 67 62 0 123 14 38 18 0 0 4 0 0 0 0 0 0 1 0 70 32 9 15 0 0 323 0 0 0 0 334 76 0
1 287 34 80 36 0 30 55 0 0 2 558 15 0 0 5 0 0 18 0 0 12 292 152 260 125 34 0 0 0 3 150 0 0 25 0 0 0 0 18 101 272 0 7 0 0 0 246 51 10 82 0 0 89 28 0 27 43 309 0 0 90 247 0 0 0 0 111 2 0 0 0 35 0 56 23 0 0 0 0 5 0 0 5 0 0 0 6 15 14 0 434 0 149 0 169 0 0 37 0 0
1 244 9 0 33 0 34 45 0 0 20 379 26 0 0 117 0 0 19 0 0 32 233 12 295 130 102 13 0 0 0 130 92 0 0 0 4 0 0 56 159 259 0 0 46 0 100 230 3 31 0 65 0 53 31 0 0 281 261 17 0 75 235 0 0 0 0 119 26 0 13 0 61 44 0 25 0 0 0 0 41 0 0 0 0 0 0 20 0 26 12 399 0 157 0 149 0 44 6 0 0
0 272 85 0 299 0 117 66 12 0 19 260 0 0 0 0 40 0 70 0 0 57 17 152 439 12 17 0 149 0 0 250 0 15 32 182 0 0 0 0 0 193 0 77 0 1 0 408 30 0 0 0 17 165 0 108 62 0 27 5 94 77 32 0 5 12 0 667 0 7 202 0 0 111 88 43 0 23 11 0 0 0 34 0 0 0 6 0 71 0 27 116 0 88 96 20 0 0 366 114 2
1 431 58 0 243 8 0 16 12 30 201 484 0 91 98 46 136 0 17 141 0 21 500 36 32 190 196 0 73 28 134 503 0 0 119 230 64 0 0 70 61 316 65 99 0 0 0 453 0 46 0 0 66 106 0 32 0 58 37 0 47 38 15 0 160 11 0 518 0 54 127 0 229 51 9 56 3 0 36 0 0 0 82 0 22 0 0 42 0 181 0 0 0 263 0 68 0 0 469 73 0
1 209 89 0 24 0 35 44 0 0 0 452 0 0 0 20 0 0 24 0 0 106 211 6 308 0 0 0 0 0 0 133 0 53 0 0 0 0 0 21 86 291 0 1 0 1 0 232 36 6 0 0 0 37 0 0 0 42 189 0 0 80 259 0 0 0 0 94 15 0 0 0 9 73 0 32 0 0 0 0 9 0 0 0 0 0 0 4 0 10 48 416 0 178 0 130 0 0 0 0 11
0 378 64 0 130 10 76 124 0 3 215 458 0 75 67 0 8 0 55 79 0 22 210 20 94 179 199 0 4 15 75 302 21 0 23 178 43 0 9 44 53 330 0 28 0 0 17 256 0 28 0 0 0 83 14 0 0 112 81 31 11 212 72 0 179 0 0 538 3 43 4 0 299 108 70 51 0 0 88 0 7 0 0 0 2 12 0 27 62 0 5 167 0 500 0 103 0 0 467 85 0
0 243 33 0 138 3 211 63 0 0 255 296 26 100 52 35 332 0 29 267 0 0 192 32 146 344 331 0 15 0 142 304 78 0 189 291 88 7 0 103 104 256 36 0 0 0 119 240 0 75 21 1 0 47 89 2 69 159 42 11 4 234 55 0 102 0 0 479 0 153 62 0 212 146 0 38 0 0 10 0 0 0 254 0 0 211 0 51 0 224 0 172 0 359 107 150 0 46 289 104 0
1 253 28 0 209 0 187 85 0 0 0 346 0 19 0 5 142 0 12 247 0 36 34 0 677 2 11 0 109 0 174 236 0 0 18 109 0 0 0 0 0 186 0 94 0 0 48 383 101 0 23 0 0 55 0 46 0 77 42 0 33 101 56 0 0 0 0 586 0 88 145 0 11 49 43 0 0 0 50 0 21 0 25 18 0 0 0 0 33 0 0 333 0 119 0 28 0 0 375 67 0
0 466 4 0 80 0 0 0 0 16 210 471 0 0 24 21 109 0 32 114 0 46 394 0 51 230 230 0 0 0 52 388 104 8 102 118 44 0 0 55 62 430 0 0 0 0 0 341 5 35 6 0 0 0 45 0 0 95 0 0 4 0 0 0 99 0 0 298 0 83 12 0 281 12 3 19 0 0 30 0 16 0 43 7 0 1 0 36 4 0 0 0 0 377 0 0 0 0 452 41 6
1 228 47 0 3 0 70 60 0 0 35 369 3 0 0 39 0 0 34 0 0 0 221 0 345 0 0 0 0 0 0 129 0 0 0 0 0 0 0 0 56 293 0 222 0 82 0 236 21 0 2 0 0 117 0 0 0 66 296 0 0 77 234 0 0 0 0 131 11 0 0 160 27 76 0 64 9 26 0 0 21 0 0 0 0 0 0 0 0 108 126 400 0 151 0 142 0 0 0 0 1
1 280 21 0 156 0 193 101 0 0 12 346 0 0 0 45 6 5 12 0 0 210 6 0 570 5 18 0 103 0 0 223 0 0 0 129 0 0 0 0 0 180 0 87 0 32 0 363 37 0 87 0 0 122 0 45 0 0 61 0 27 128 14 0 0 10 0 602 0 0 139 56 23 40 48 0 0 60 83 0 0 0 4 26 0 0 0 0 43 0 0 257 0 134 0 35 0 0 368 74 27
0 286 0 0 258 0 130 79 0 0 2 289 0 0 0 46 21 0 62 26 0 46 27 42 471 22 28 0 113 0 0 256 0 80 0 145 0 0 0 0 0 205 0 86 0 7 0 411 10 0 0 0 0 59 0 66 0 0 46 0 53 94 7 0 0 9 0 599 0 0 156 0 0 0 52 54 0 0 39 0 11 0 9 0 0 0 0 0 52 0 22 161 0 94 60 45 0 0 389 81 13
0 465 122 0 210 19 0 0 0 0 127 543 17 8 0 24 7 0 35 30 0 0 491 0 63 180 184 0 30 22 21 447 35 114 81 164 46 10 0 38 59 319 0 25 0 0 0 394 40 26 0 0 0 53 0 0 0 107 0 0 27 0 0 0 55 0 0 532 8 0 69 0 185 0 124 29 0 46 91 0 82 0 0 0 0 0 0 30 120 0 21 0 0 223 0 0 0 35 520 94 1
0 402 11 0 206 0 0 0 0 57 190 498 7 123 65 21 0 0 0 0 0 30 474 5 18 94 95 14 48 27 21 477 74 0 86 201 83 4 0 81 93 290 0 0 0 0 0 433 0 70 0 0 0 46 19 0 0 7 0 0 5 0 0 0 225 0 0 508 0 92 74 2 167 0 68 14 0 26 28 0 32 0 0 0 0 4 0 65 69 0 0 0 3 119 1 0 0 0 464 117 0
1 292 33 5 0 33 72 57 0 0 0 411 9 0 0 18 0 0 43 0 0 85 278 0 281 39 2 0 1 0 0 168 179 0 15 0 0 0 0 20 98 293 0 0 9 0 69 269 11 10 0 22 0 121 42 0 0 382 283 0 0 111 287 0 0 0 0 173 84 0 8 40 101 4 0 30 0 0 0 0 16 0 0 0 0 0 0 4 0 13 17 431 0 149 0 193 0 77 30 0 24
0 296 9 0 87 0 90 78 0 3 61 379 164 210 8 9 0 0 31 16 0 32 247 0 270 34 6 17 91 0 32 149 18 0 70 0 13 76 0 32 203 252 0 90 23 0 0 240 46 36 0 28 0 80 163 0 0 197 290 0 0 132 263 0 0 54 26 367 35 31 0 86 79 48 0 46 3 47 9 0 7 0 0 0 29 10 0 14 0 136 25 369 0 133 0 142 0 2 23 0 0
1 396 73 0 38 0 0 0 0 0 80 578 0 0 0 9 0 0 62 0 0 40 479 107 46 45 138 0 14 0 19 428 75 0 71 33 4 0 0 0 24 460 19 50 0 1 0 389 15 0 0 0 4 93 0 0 0 0 0 53 21 0 0 0 28 0 0 265 0 12 0 0 152 0 33 63 0 38 60 0 0 0 0 0 0 9 0 0 26 22 11 0 13 380 0 0 0 0 556 26 0
