1 4.383 4.4 4.2788 4.2876 4.2397 4.2427 4.2538
1 4.417 4.2145 4.3759 4.1595 4.2758 4.282 4.2182
1 4.2894 4.3868 4.1404 4.2997 4.3123 4.2684 4.1946
0 4.1397 4.1053 4.1357 4.1653 4.247 4.2036 4.199
0 4.2282 4.3022 4.187 4.3764 4.1921 4.2431 4.2441
0 4.5454 4.3832 4.2203 4.3091 4.2937 4.2486 4.2459
0 3.8434 4.2377 4.3177 4.3826 4.2496 4.1905 4.2227
0 4.3673 4.1948 4.341 4.1791 4.2492 4.1904 4.1953
1 4.0661 4.1694 4.0315 4.3054 4.2679 4.2502 4.239
0 4.5384 4.0499 4.2519 4.2221 4.3131 4.1962 4.2226
0 4.2432 4.2526 4.3622 4.2404 4.1951 4.2413 4.2579
1 4.5233 4.3106 4.346 4.2077 4.2059 4.2466 4.1938
0 4.4972 4.2762 4.3055 4.154 4.2364 4.2232 4.2496
0 3.9782 4.3127 4.3212 4.2948 4.2465 4.1994 4.2265
0 4.1901 4.3492 4.3788 4.3174 4.2589 4.2689 4.2437
1 4.1994 4.318 4.4321 4.174 4.1465 4.2003 4.2546
1 3.9659 4.4269 4.3705 4.3037 4.3442 4.187 4.2626
0 4.3729 4.5 4.2192 4.2323 4.1755 4.2797 4.2484
1 4.0384 4.2987 4.1596 4.3049 4.1827 4.2685 4.2377
1 4.0615 4.2784 4.223 4.2321 4.2227 4.2779 4.2201
1 4.1483 4.3678 4.4031 4.1699 4.2743 4.2469 4.2274
0 4.3569 4.2111 4.3321 4.2795 4.2861 4.2283 4.243
1 4.358 3.9926 4.1146 4.2739 4.25 4.2542 4.2214
1 4.2633 4.0707 4.3075 4.295 4.2544 4.2206 4.2598
1 4.2848 4.2714 4.1614 4.4343 4.2393 4.2949 4.2301
0 4.2677 4.2261 4.2162 4.3371 4.231 4.2192 4.257
0 4.4667 4.0401 4.1805 4.1205 4.2826 4.2568 4.2101
1 4.1586 4.0145 4.3059 4.1378 4.2886 4.2293 4.1979
0 4.3636 4.3119 4.1494 4.2184 4.0923 4.2677 4.2261
1 4.3347 4.3976 4.2683 4.1889 4.2982 4.2108 4.2812
1 4.3776 4.5871 4.0571 4.1956 4.1803 4.2418 4.2338
0 4.2585 4.1714 4.2294 4.2592 4.2582 4.205 4.2772
1 4.2193 4.3099 4.2226 4.2575 4.207 4.2643 4.2249
1 4.6344 4.3816 4.3004 4.2255 4.2143 4.2328 4.2185
0 4.4082 4.235 4.3126 4.2695 4.1815 4.249 4.2184
0 4.5919 4.352 4.2933 4.2755 4.2055 4.2209 4.2312
1 4.3613 4.162 4.2762 4.2025 4.21 4.2796 4.2376
0 4.2361 4.5142 4.3706 4.2784 4.2415 4.3115 4.2199
1 4.4303 4.1064 4.1259 4.108 4.3717 4.2359 4.1781
0 4.1265 4.074 4.1627 4.1492 4.2067 4.2465 4.2398
1 4.282 4.4673 4.2914 4.3427 4.2291 4.2233 4.2495
1 4.4535 4.0905 4.3522 4.3905 4.1924 4.3234 4.2088
0 4.1733 4.3268 4.37 4.2297 4.1923 4.2052 4.3016
1 4.2489 4.3024 4.1515 4.1218 4.2139 4.2185 4.2486
1 4.056 4.3607 4.175 4.2146 4.2749 4.2234 4.2295
1 3.9292 4.1579 4.2136 4.2257 4.2637 4.2621 4.2517
0 4.1265 4.0222 4.4108 4.1386 4.1891 4.2144 4.2308
0 4.0149 4.1973 4.3382 4.2516 4.2436 4.2972 4.2338
0 4.0965 4.1443 4.2665 4.2513 4.182 4.2748 4.2513
0 4.4463 4.0551 4.1134 4.1464 4.3409 4.2354 4.2018
1 4.3916 3.8558 4.1466 4.2676 4.2899 4.2418 4.2521
0 4.0607 3.9024 4.0883 4.3262 4.2187 4.2106 4.2326
1 4.1267 4.2306 4.3762 4.1965 4.2452 4.22 4.1845
1 3.9534 3.8743 4.2798 4.284 4.2365 4.2653 4.2498
1 4.2023 4.3158 4.2325 4.3266 4.3033 4.2479 4.2253
0 3.8267 4.1681 4.4861 4.3853 4.2779 4.2609 4.2597
1 4.447 4.0887 4.0559 4.2018 4.1945 4.2338 4.2348
0 4.1769 4.4571 4.2376 4.1415 4.2587 4.1725 4.2198
0 4.4569 3.9345 4.3464 4.2909 4.2384 4.2286 4.2328
1 4.3383 4.2483 4.2962 4.2413 4.2394 4.1981 4.2367
0 4.6609 4.1477 4.3131 4.244 4.2154 4.2584 4.2083
1 4.5132 4.2124 4.6096 4.2 4.2221 4.2242 4.2599
1 4.1881 4.3385 4.2489 4.2852 4.2102 4.2576 4.2497
0 4.1546 4.2562 4.4092 4.2617 4.3117 4.2723 4.2219
0 4.3707 3.8685 4.3478 4.1849 4.2233 4.2332 4.2387
0 4.2491 4.1165 4.2447 4.3176 4.2418 4.2999 4.234
1 4.242 4.2755 4.1755 4.2641 4.2121 4.2237 4.2423
1 4.5213 4.3016 3.9456 4.2087 4.3192 4.2265 4.2472
1 4.2611 4.5741 4.103 4.2819 4.2422 4.2162 4.2821
1 4.2089 4.0704 4.1769 4.3556 4.2919 4.2139 4.2495
1 4.4165 4.2638 4.1363 4.0119 4.2347 4.1981 4.2341
0 4.2876 3.9598 4.3764 4.1188 4.2533 4.2278 4.2758
1 4.0703 4.2214 4.0986 4.1648 4.273 4.2298 4.2673
0 4.2537 3.9682 4.2055 4.2646 4.2646 4.2297 4.2422
1 4.6209 3.9912 4.2012 4.4163 4.2862 4.2665 4.2511
0 4.4074 4.4728 4.0927 4.1536 4.2615 4.2933 4.2008
0 3.9764 4.2134 4.2248 4.2018 4.2113 4.2569 4.2258
1 4.2364 3.9384 4.2453 4.1773 4.2498 4.2956 4.2301
0 4.0881 4.2031 4.2295 4.3531 4.2078 4.2232 4.2572
1 4.0599 4.3854 4.3449 4.2106 4.2217 4.231 4.2607
1 4.4978 4.4272 4.2761 4.179 4.2217 4.2205 4.2136
0 4.4368 4.4758 4.2474 4.2568 4.2965 4.2503 4.279
0 4.1595 4.3909 4.2958 4.0868 4.2453 4.2119 4.1744
1 4.0215 3.9148 4.1723 4.1644 4.3333 4.1792 4.2535
1 4.209 4.5362 4.2159 4.3662 4.2394 4.1962 4.2443
1 4.4447 4.5773 4.2944 4.1709 4.0969 4.2621 4.188
1 4.2153 4.4973 4.3506 4.1751 4.2923 4.26 4.2096
0 4.3894 4.2452 4.0893 4.2499 4.2685 4.2945 4.2339
1 4.2576 4.4341 4.2977 4.1693 4.1535 4.2631 4.2197
1 4.4638 4.1759 4.3304 4.2023 4.1899 4.2506 4.2108
1 4.1442 4.2532 4.2805 4.1975 4.299 4.1863 4.1903
1 4.1716 4.2468 4.2424 4.2794 4.2258 4.235 4.2693
1 4.1957 4.2676 4.2049 4.1913 4.2492 4.24 4.2256
0 3.8487 4.0935 4.2964 4.3319 4.2757 4.2401 4.2411
0 4.6592 4.4519 4.1781 4.1285 4.2793 4.1742 4.2756
0 3.7355 4.2254 4.1189 4.2976 4.2689 4.2137 4.2352
0 4.282 3.9486 4.1671 4.4238 4.2898 4.2646 4.2328
1 4.0066 4.4265 4.0224 4.3452 4.1692 4.2083 4.2232
1 4.0648 4.2436 4.1126 4.2548 4.2506 4.2221 4.2156
0 4.0455 4.2235 4.2221 4.1246 4.1458 4.2525 4.2457
