1 21.525 21.576 10.0227 10.4698 15.1795 10.3388
1 22.8007 3.6888 13.363 9.3414 9.3884 10.5529
0 0.7715 12.3097 11.0676 7.7973 9.732 8.8305
0 26.013 14.4631 11.8456 9.9338 11.1705 11.5244
0 6.9692 6.9114 8.4057 14.647 8.4625 8.8706
0 0.0841 5.8705 11.6893 9.6343 8.9693 11.0905
0 1.1674 9.545 11.302 7.1036 10.4457 17.7636
1 6.5825 5.7722 9.7922 20.7404 13.8353 10.397
1 13.9533 7.7975 7.3725 8.3591 8.2353 9.0487
1 7.3391 9.921 9.3366 7.6538 9.6079 9.089
1 3.462 3.9916 7.812 8.6511 8.9761 12.4506
1 0.1068 20.0071 9.924 10.4656 10.7235 13.2742
1 7.9436 7.2936 4.1918 6.0581 12.147 9.5197
1 5.2701 19.7614 7.0387 10.0238 13.8636 12.9136
1 7.1884 10.0261 5.6163 12.6459 12.83 12.6838
1 0.4405 18.9543 13.8865 14.2079 9.503 10.2856
1 19.5918 4.6821 8.4744 9.6297 24.8933 22.642
1 4.3607 14.32 11.064 12.3782 9.3878 9.7219
1 1.3004 2.9834 12.7602 10.4423 9.3683 10.7759
1 26.7371 7.9651 4.2296 9.9074 11.114 17.2635
1 25.0295 15.8425 13.6696 8.5186 16.8187 10.7811
1 0.128 16.9606 10.261 8.6417 10.785 11.8317
0 3.0646 5.6755 7.9201 10.4462 8.5668 9.6426
0 7.4614 11.8937 6.2128 11.4377 12.9933 11.9267
1 4.5212 7.3654 7.2782 11.3564 10.4739 10.0751
1 0.2906 10.7585 13.8052 9.7321 10.4008 11.3912
1 5.8612 7.3057 7.2155 6.6651 12.1224 7.8045
1 7.1114 4.1746 12.2091 17.7481 13.5467 11.54
1 31.6345 21.9777 6.6382 9.0518 11.8436 10.5432
1 0.3734 3.3997 5.2382 7.669 12.3623 11.8923
0 6.3873 6.0686 8.9383 6.8581 7.0266 14.0514
1 11.8136 6.8592 15.5569 15.6428 10.0868 10.1944
0 18.8557 10.6899 7.8588 22.3062 13.2252 9.4354
0 0.553 4.4699 9.7182 8.7042 16.6487 13.0643
1 2.6877 3.4687 6.8564 11.5531 9.865 12.4932
1 7.1672 12.0495 5.9631 9.2234 6.6291 10.3587
1 26.0187 9.6762 4.5967 11.6915 13.4532 10.3394
0 9.2808 8.3088 11.6708 9.0817 10.9836 11.9968
1 19.857 10.3143 9.1082 10.0485 6.9811 11.2805
0 0.1591 11.1496 17.7489 7.4193 31.0178 18.3156
0 2.5321 13.2518 7.4025 9.4359 10.8672 10.4237
1 28.2616 5.7881 7.3052 8.2046 14.2675 9.6355
1 10.7212 10.9797 13.9846 11.8735 8.7167 11.3746
1 1.6815 8.2989 5.8767 8.6127 15.388 10.799
1 3.8155 8.8673 46.2904 9.5223 10.0689 11.4597
0 2.5152 7.6556 8.9899 7.1278 17.2097 10.0477
0 8.2555 5.1875 12.1737 8.8736 9.8397 9.8583
1 0.3026 7.6239 11.2165 9.0669 29.7652 16.6708
0 0.9171 13.3873 5.4054 13.6648 9.0892 11.8182
0 6.7762 10.4363 7.3143 10.5842 8.8467 22.2981
1 1.4623 7.9342 7.4872 10.5104 8.2757 11.7951
0 12.5596 9.6435 10.3547 9.2125 6.4632 8.8692
1 10.2071 13.5919 7.3892 9.8414 9.529 9.5295
1 5.5006 15.862 19.6924 10.1012 8.8774 9.0041
0 15.6539 9.3191 15.1595 9.036 8.8847 12.5479
0 5.5968 7.8096 10.7906 10.1969 8.4671 10.4915
1 25.255 7.9123 8.8203 6.1979 11.259 11.4953
1 15.1066 4.1742 13.2326 8.986 10.4715 17.0147
1 13.8119 25.7236 7.1178 10.1465 20.566 13.2376
0 8.1324 73.9569 6.4084 11.3816 10.4614 9.5424
1 4.4809 9.8383 8.229 11.8497 12.6933 11.2591
0 2.395 2.8631 26.6827 9.3122 8.9403 14.7997
1 12.7852 8.6799 9.0413 10.7816 8.7659 10.5766
0 0.4299 2.8953 12.8292 8.9221 15.2701 11.4605
1 6.2579 7.8243 8.4519 8.8543 23.3858 10.7387
1 0.3974 8.0278 5.6787 9.284 16.4831 21.5757
1 21.1552 13.9028 9.3071 8.0155 8.8614 17.7077
0 19.0431 2.7583 6.5946 9.2317 9.3823 11.4504
1 1.3782 6.7839 7.4807 8.6488 11.3375 11.1301
0 0.7368 13.4286 7.5387 10.0109 8.9446 18.0976
1 8.8735 16.1646 10.2357 10.5211 9.8605 11.3642
1 9.768 8.5725 17.0749 15.3615 14.4116 9.4963
0 5.6264 11.8239 8.7106 8.4908 10.4614 11.3233
1 16.378 10.3553 4.6545 6.8548 10.105 9.691
1 18.5283 5.9372 9.347 9.6676 9.5548 11.6149
1 7.3886 8.1652 8.5325 6.2043 9.6738 13.0572
1 0.0071 5.3567 9.4869 9.4305 10.5343 11.1169
0 13.0221 9.6005 8.4475 9.3559 12.3319 12.8088
0 16.8277 10.5383 7.1993 10.442 11.007 11.7902
1 3.7236 6.5014 10.5385 8.7534 8.1327 9.2923
1 5.7848 4.8838 16.4665 11.2403 9.605 16.3185
1 9.314 4.2122 10.6061 10.4467 23.7659 20.2284
1 6.7691 8.4658 11.248 9.9371 14.6812 12.6114
0 15.3287 6.3022 6.0167 9.8847 8.6945 11.0749
1 10.101 2.6497 8.2846 22.5965 10.4717 11.9678
0 4.1953 5.2729 10.7325 9.0315 9.5769 10.5292
1 1.9926 32.5443 17.2543 8.0902 8.0438 16.3415
0 0.6187 4.9295 6.8995 10.0564 11.4876 9.2918
0 5.1272 9.8609 6.0751 7.4815 10.6628 12.2836
1 18.558 4.7712 9.8564 15.0582 12.7227 9.6745
1 5.6455 16.4433 26.1678 11.909 9.6984 10.4679
1 8.3304 9.658 7.6549 11.7888 9.5312 9.8784
1 4.8041 12.6759 11.4962 9.3623 18.3506 9.1706
1 0.4363 7.6513 11.7138 12.9642 12.3593 14.4215
0 8.2576 9.9735 15.6201 7.517 9.4306 11.5418
0 10.876 11.9478 12.4259 8.2949 10.1196 11.1123
1 3.7371 5.6193 7.905 13.4644 8.1813 11.5765
0 15.9962 4.6469 6.3502 12.9294 9.2901 11.9236
0 0.6696 2.9824 17.4267 11.2543 18.4324 9.5837
1 11.511 9.0662 8.1775 14.0808 9.7923 10.1133
