0 9 5 3 2 2 8 3 0.16 4 2 3 1 11 1 0 17 0 36.74 14.57 7799.92 0.18 102 0.07 433.33 535.29 0.33 2 4 10 0.1 36 66 21 17 31 19.05 19
0 19 3 1 2 0 4 2 0.06 2 2 2 1 23 1 0 33 0 64.01 11.65 8684.99 0.25 135 0.09 482.5 745.68 0.5 1 2 23 0.04 66 69 34 12 55 5.71 35
0 0 9 0 0 0 10 5 0.56 2 5 1 0.2 12 5 1 9 1 19.29 6.43 797.14 0.04 31 0.16 44.29 124 1 4 7 9 0.5 10 21 7 9 10 0 9
0 2 15 2 1 9 24 8 0.19 10 2.4 6 0.75 24 6 0.71 41 4 75.22 14.8 16481.41 0.37 187 0.07 915.63 1113.43 0.75 7 12 18 0.15 67 120 43 19 54 19.61 42
0 5 5 1 0 0 8 3 0.15 4 2 3 1 10 1 0 20 1 34.17 10.29 3620.93 0.12 71 0.1 201.16 351.75 0.33 2 4 9 0.12 25 46 17 14 26 0 20
0 0 5 2 0 0 8 3 0.14 4 2 3 1 12 1 0 21 1 36.48 10.43 3969.82 0.13 72 0.1 220.55 380.55 0.33 2 4 11 0.14 27 45 22 17 22 0 21
0 3 3 0 0 5 4 2 0.25 2 2 1 0.5 5 1 0 8 0 17.16 6.19 657.1 0.04 25 0.16 36.51 106.2 0.5 1 2 5 0.12 9 16 8 11 17 38.46 8
0 7 3 2 0 0 4 2 0.17 2 2 2 1 6 1 0 12 2 14.62 6.43 604.36 0.03 23 0.16 33.58 94.01 0.5 1 2 6 0.1 9 14 7 10 20 0 12
0 6 3 1 5 4 4 2 0.13 2 2 1 0.5 6 1 0 10 4 21.05 9.8 2021.97 0.07 45 0.1 112.33 206.32 0.5 1 2 6 0.08 14 31 10 14 26 47.37 15
0 9 17 4 0 0 32 9 0.38 16 2 8 0.89 34 1 0 24 0 30.54 11.65 4143.37 0.12 74 0.09 230.19 355.74 0.11 8 16 27 0.26 36 38 17 11 34 0 24
0 3 3 0 2 1 8 2 0.18 4 2 1 0.5 5 1 0 9 2 24.7 7.22 1288.28 0.06 40 0.14 71.57 178.38 0.5 2 4 5 0.13 10 30 9 13 16 25 11
0 16 9 2 11 28 12 5 0.11 4 3 1 0.2 21 5 1 34 2 41.24 20.76 17773.08 0.29 155 0.05 987.39 856.15 1 4 6 18 0.06 59 96 27 19 90 53.42 45
0 13 9 5 12 16 16 5 0.14 8 2 5 1 21 5 1 25 4 38.51 14.25 7820.87 0.18 107 0.07 434.49 548.83 1 4 8 18 0.07 38 69 20 15 67 52.83 37
1 8 5 2 2 19 8 3 0.14 4 2 3 1 10 1 0 20 1 31.51 10.5 3474.19 0.11 64 0.1 193.01 330.88 0.33 2 4 9 0.06 21 43 18 18 50 51.22 22
0 4 7 1 3 0 12 4 0.18 6 2 4 1 25 1 0 19 2 40.01 18.29 13377.17 0.24 134 0.05 743.18 731.56 0.25 3 6 23 0.15 64 70 28 16 27 13.64 22
0 47 15 7 27 28 20 9 0.1 10 2 6 0.67 50 1 0 59 1 47.3 45.77 99082.56 0.72 336 0.02 5504.59 2164.83 0.11 5 10 43 0.06 136 200 52 35 162 48.25 86
0 26 28 16 20 119 28 17 0.1 12 2.33 13 0.76 72 10 0.56 154 1 133.35 38.57 198396.43 1.71 695 0.03 11022.02 5143.61 0.59 8 14 57 0.05 285 410 133 36 320 47.44 174
0 8 3 1 6 5 4 2 0.11 2 2 1 0.5 7 1 0 13 1 29.61 9.15 2480.95 0.09 57 0.11 137.83 271.03 0.5 1 2 7 0.06 17 40 13 14 33 45.83 19
0 3 3 0 0 0 4 2 0.15 2 2 1 0.5 6 1 0 13 2 18.1 9.63 1676.34 0.06 41 0.1 93.13 174.17 0.5 1 2 6 0.12 14 27 8 11 17 0 13
0 7 3 3 2 7 4 2 0.13 2 2 1 0.5 8 1 0 14 2 25.23 9.5 2277.36 0.08 51 0.11 126.52 239.72 0.5 1 2 8 0.06 19 32 13 13 31 39.13 16
0 22 23 7 3 1 36 13 0.19 18 2 9 0.69 59 9 0.67 64 2 39.47 43.33 74124.42 0.57 283 0.02 4118.02 1710.56 0.69 9 18 48 0.14 104 179 36 30 91 5.88 67
0 11 11 1 14 5 20 6 0.15 10 2 2 0.33 26 1 0 27 1 48.56 33.51 54539.1 0.54 279 0.03 3029.95 1627.38 0.17 5 10 22 0.1 124 155 37 20 58 41.3 41
1 12 5 3 2 22 8 3 0.14 4 2 1 0.33 12 1 0 19 2 45.57 9.64 4237.49 0.15 85 0.1 235.42 439.44 0.33 2 4 11 0.05 27 58 21 15 56 55.81 21
0 19 9 2 3 15 14 5 0.15 6 2.33 4 0.8 16 4 0.75 31 3 35.02 17.25 10420.79 0.2 110 0.06 578.93 604.1 0.8 4 7 13 0.07 33 77 22 23 69 36.73 34
0 6 7 0 6 0 10 4 0.15 4 2.5 1 0.25 13 4 1 21 1 21.34 24.44 12748.97 0.17 98 0.04 708.28 521.54 1 3 5 11 0.12 40 58 18 22 34 22.22 27
1 9 9 1 0 17 12 5 0.23 4 3 3 0.6 13 5 1 22 2 35.13 12.55 5531.32 0.15 84 0.08 307.3 440.83 1 4 6 10 0.1 31 53 21 17 49 43.59 22
1 155 71 5 14 170 122 37 0.18 58 2.1 26 0.7 148 21 0.56 196 1 127.7 71.54 653537.1 3.05 1177 0.01 36307.62 9135.35 0.57 32 61 113 0.07 454 723 165 52 536 48.42 210
0 21 7 4 10 22 12 4 0.1 6 2 2 0.5 19 1 0 30 2 45.35 25.34 29117.23 0.38 193 0.04 1617.62 1149.16 0.25 3 6 17 0.05 75 118 37 25 84 51.61 40
0 0 5 0 0 0 6 3 0.33 2 3 1 0.33 8 3 1 9 1 14.65 4.8 337.48 0.02 19 0.21 18.75 70.31 1 2 3 7 0.3 6 13 5 8 10 0 9
0 1 3 4 0 6 4 2 0.05 2 2 2 1 8 1 0 42 0 94.81 13.88 18268.21 0.44 210 0.07 1014.9 1316.03 0.5 1 2 8 0.04 91 119 59 18 50 12.5 42
0 3 11 0 0 0 16 6 0.4 6 2.67 1 0.17 18 4 0.6 15 2 7.45 30.8 7065.15 0.08 54 0.03 392.51 229.39 0.67 5 8 14 0.32 22 32 5 14 19 0 15
0 3 3 0 2 2 4 2 0.15 2 2 1 0.5 5 1 0 11 2 10.9 12 1569.59 0.04 32 0.08 87.2 130.8 0.5 1 2 5 0.11 10 22 5 12 19 26.67 13
0 1 5 0 0 0 8 3 0.25 4 2 1 0.33 12 1 0 12 2 21.83 10.42 2369.07 0.08 51 0.1 131.62 227.43 0.33 2 4 11 0.21 25 26 12 10 14 0 12
1 4 35 5 4 18 64 18 0.19 30 2.13 16 0.89 80 7 0.35 91 2 195.05 21.41 89412.4 1.39 591 0.05 4967.36 4176.06 0.39 17 32 64 0.15 218 373 112 22 118 19.47 95
0 10 29 8 2 65 56 15 0.1 28 2 6 0.4 74 11 0.71 149 6 118.83 46.92 261640.64 1.86 781 0.02 14535.59 5575.99 0.73 14 28 61 0.07 333 448 110 31 227 31.02 151
0 1 16 1 1 0 8 13 0.26 4 2 13 1 36 1 0 49 1 35.91 21.53 16649.11 0.26 132 0.05 924.95 773.25 0.08 2 4 25 0.25 53 79 32 26 52 2 50
0 5 11 3 2 3 18 6 0.3 8 2.25 5 0.83 21 4 0.6 18 1 26.39 12.07 3845.69 0.11 67 0.08 213.65 318.58 0.67 5 9 17 0.21 26 41 14 13 29 21.74 20
1 10 37 12 0 62 64 20 0.13 32 2 18 0.9 95 1 0 149 0 171.78 29.58 150305.78 1.69 702 0.03 8350.32 5081.36 0.05 16 32 77 0.09 220 482 119 32 222 29.38 149
0 0 5 1 0 5 6 3 0.19 2 3 2 0.67 7 3 1 16 4 24.32 7.64 1418.49 0.06 40 0.13 78.8 185.75 1 2 3 6 0.14 12 28 11 14 22 23.81 16
0 22 7 4 9 31 12 4 0.1 6 2 3 0.75 19 1 0 32 6 45.51 16.36 12184.85 0.25 130 0.06 676.94 744.63 0.25 3 6 17 0.04 54 76 33 20 95 55.56 41
0 3 3 2 0 2 4 2 0.22 2 2 2 1 6 1 0 9 0 19.71 5.5 596.3 0.04 26 0.18 33.13 108.42 0.5 1 2 6 0.13 11 15 9 9 15 18.18 9
1 3 9 3 6 4 16 5 0.09 8 2 5 1 33 1 0 49 8 102.23 12.09 14944.77 0.41 211 0.08 830.27 1236.03 0.2 4 8 30 0.08 76 135 44 14 63 16.95 55
0 7 7 1 11 30 12 4 0.15 6 2 1 0.25 15 1 0 16 6 18.87 19.62 7260.95 0.12 77 0.05 403.39 370.17 0.25 3 6 13 0.06 34 43 13 15 65 71.93 27
0 7 5 1 2 0 8 3 0.13 4 2 2 0.67 10 1 0 22 2 55.95 7.24 2931.85 0.14 81 0.14 162.88 405 0.33 2 4 9 0.09 37 44 23 9 32 8.33 24
0 7 9 3 4 5 14 5 0.16 6 2.33 3 0.6 20 3 0.5 27 0 24.71 21.86 11802.86 0.18 108 0.05 655.71 540 0.6 4 7 17 0.11 34 74 14 18 44 25 31
0 10 11 8 4 0 20 6 0.16 10 2 6 1 31 1 0 34 0 64.31 12 9260.02 0.26 146 0.08 514.45 771.67 0.17 5 10 27 0.12 54 92 27 12 49 10.53 38
0 3 3 2 0 0 4 2 0.11 2 2 1 0.5 8 1 0 19 2 24.71 10.58 2764.2 0.09 57 0.09 153.57 261.33 0.5 1 2 8 0.09 25 32 13 11 23 0 19
0 7 7 1 1 5 12 4 0.17 6 2 4 1 14 4 1 23 1 46.9 10.5 5170.32 0.16 96 0.1 287.24 492.41 1 3 6 12 0.11 28 68 20 15 37 20.69 24
0 7 3 0 0 0 4 2 0.13 2 2 1 0.5 6 1 0 15 2 37.54 7.6 2168.23 0.1 60 0.13 120.46 285.29 0.5 1 2 6 0.09 19 41 15 12 23 0 15
0 24 37 6 0 18 52 19 0.28 20 2.6 13 0.68 68 19 1 69 0 73.61 37.75 104901.75 0.93 422 0.03 5827.87 2778.85 1 16 26 51 0.17 151 271 64 32 112 20.69 69
0 0 7 9 1 23 10 4 0.17 4 2.5 4 1 20 1 0 23 0 34.26 11.57 4586.97 0.13 75 0.09 254.83 396.41 0.25 3 5 18 0.08 27 48 21 18 48 51.06 24
1 4 7 2 1 7 10 4 0.16 4 2.5 3 0.75 14 3 0.67 24 1 30.72 19.13 11241.58 0.2 107 0.05 624.53 587.63 0.75 3 5 12 0.11 40 67 23 22 37 25 25
0 4 3 0 3 0 4 2 0.12 2 2 1 0.5 6 1 0 14 2 16.29 9.29 1404.34 0.05 37 0.11 78.02 151.24 0.5 1 2 6 0.09 13 24 7 10 22 17.65 17
0 5 3 1 0 0 4 2 0.2 2 2 2 1 7 1 0 10 1 10.42 6.75 474.58 0.02 19 0.15 26.37 70.31 0.5 1 2 7 0.13 6 13 4 9 16 0 10
0 9 7 1 6 10 12 4 0.18 6 2 2 0.5 14 1 0 16 0 22.84 25.89 15315.78 0.2 109 0.04 850.88 591.46 0.25 3 6 12 0.1 41 68 19 24 42 50 22
1 0 11 3 2 7 18 6 0.2 8 2.25 5 0.83 20 5 0.8 28 1 33.22 15.91 8407.11 0.18 98 0.06 467.06 528.45 0.83 5 9 16 0.16 35 63 22 20 38 24.32 30
0 21 13 5 2 30 22 7 0.21 10 2.2 5 0.71 24 1 0 31 1 26.31 23.5 14529.3 0.21 126 0.04 807.18 618.27 0.14 6 11 19 0.08 47 79 15 15 85 50.79 33
0 22 29 0 8 35 44 15 0.28 16 2.75 1 0.07 45 3 0.14 46 0 61.1 22.3 30377.95 0.45 239 0.04 1687.66 1362.41 0.2 14 22 32 0.13 110 129 37 15 112 48.31 54
0 1 3 5 0 12 4 2 0.09 2 2 2 1 9 1 0 22 1 36.77 11.48 4842.06 0.14 81 0.09 269 421.97 0.5 1 2 9 0.06 27 54 20 17 36 35.29 22
0 17 15 3 28 6 28 8 0.14 14 2 6 0.75 37 1 0 29 0 78.29 48.05 180758.79 1.25 565 0.02 10042.15 3761.89 0.13 7 14 31 0.1 217 348 70 31 81 53.97 57
1 9 19 0 6 6 36 10 0.16 18 2 1 0.1 38 5 0.44 58 3 30.99 33.52 34816.7 0.35 187 0.03 1934.26 1038.71 0.5 9 18 30 0.13 83 104 26 21 80 17.14 64
1 35 21 9 9 59 36 11 0.12 16 2.25 10 0.91 64 3 0.2 82 3 70.59 44.71 141084.24 1.05 475 0.02 7838.01 3155.83 0.27 10 18 55 0.06 190 285 68 32 186 45.33 91
0 13 9 7 1 20 16 5 0.21 8 2 5 1 20 1 0 23 0 30.19 7.85 1858.26 0.08 51 0.13 103.24 236.84 0.2 4 8 17 0.09 17 34 13 12 58 47.73 24
1 0 5 2 2 0 8 3 0.2 4 2 3 1 12 1 0 13 2 22.4 7.33 1204.38 0.05 38 0.14 66.91 164.23 0.33 2 4 11 0.19 12 26 9 11 16 13.33 15
0 0 3 0 0 0 4 2 0.14 2 2 1 0.5 6 1 0 14 2 36.78 7.07 1838.97 0.09 56 0.14 102.16 260.06 0.5 1 2 6 0.13 18 38 14 11 15 0 14
0 2 3 2 0 2 4 2 0.29 2 2 2 1 6 1 0 7 0 16.52 6.19 632.28 0.03 25 0.16 35.13 102.19 0.5 1 2 6 0.17 11 14 8 9 12 22.22 7
0 9 15 4 14 22 28 8 0.2 14 2 6 0.75 30 4 0.43 27 6 35.27 13.74 6655.21 0.16 93 0.07 369.73 484.48 0.5 7 14 24 0.11 29 64 19 18 73 57.14 41
0 6 3 0 2 2 4 2 0.18 2 2 1 0.5 5 1 0 9 1 13.77 13.5 2508.88 0.06 43 0.07 139.38 185.84 0.5 1 2 5 0.1 18 25 8 12 20 30.77 11
0 6 47 2 1 58 80 25 0.18 40 2 24 0.96 112 1 0 138 1 171.89 27.21 127275.78 1.56 625 0.04 7070.88 4677.38 0.04 20 40 89 0.12 250 375 147 32 204 29.95 139
0 2 5 4 0 2 8 3 0.14 4 2 3 1 14 1 0 21 2 34.56 8.63 2570.73 0.1 62 0.12 142.82 298.06 0.33 2 4 13 0.12 23 39 16 12 26 8.7 21
1 16 29 5 3 29 54 15 0.12 26 2.08 12 0.8 76 3 0.14 121 0 164.09 23.26 88801.93 1.27 537 0.04 4933.44 3817.28 0.2 14 27 63 0.09 221 316 114 24 170 20.92 124
0 4 3 0 0 1 4 2 0.18 2 2 1 0.5 5 1 0 11 2 20.51 6.11 765.94 0.04 29 0.16 42.55 125.34 0.5 1 2 5 0.12 10 19 9 11 17 8.33 11
0 3 3 0 0 0 4 2 0.14 2 2 1 0.5 5 1 0 14 2 11.85 9 959.45 0.04 28 0.11 53.3 106.61 0.5 1 2 5 0.11 10 18 5 9 18 0 14
0 1 9 0 1 4 16 5 0.16 8 2 1 0.2 18 1 0 31 2 14.28 19.94 5674.43 0.09 67 0.05 315.25 284.61 0.2 4 8 15 0.13 29 38 8 11 38 13.89 32
1 14 5 1 3 34 8 3 0.14 4 2 3 1 11 1 0 18 2 31.39 9.47 2815.15 0.1 60 0.11 156.4 297.25 0.33 2 4 10 0.04 23 37 17 14 70 67.27 21
0 13 7 4 1 5 12 4 0.09 6 2 4 1 23 1 0 45 0 99.18 16.49 26973.57 0.55 261 0.06 1498.53 1635.63 0.25 3 6 21 0.06 94 167 57 20 65 11.76 46
0 16 25 5 5 8 42 13 0.19 18 2.33 10 0.77 48 9 0.67 62 3 84.92 18.79 29993.03 0.53 265 0.05 1666.28 1595.93 0.69 12 23 37 0.14 91 174 46 19 92 17.33 67
1 31 21 5 7 28 34 11 0.14 14 2.43 9 0.82 46 11 1 74 1 61.92 36.74 83581.43 0.76 354 0.03 4643.41 2274.9 1 10 17 37 0.08 124 230 54 32 141 32.11 81
0 2 7 1 0 0 12 4 0.17 6 2 2 0.5 14 1 0 24 2 20.18 16.36 5403.6 0.11 73 0.06 300.2 330.22 0.25 3 6 12 0.15 30 43 11 12 27 0 24
0 10 7 5 5 1 12 4 0.18 6 2 3 0.75 21 1 0 17 2 31.11 12.06 4520.83 0.13 75 0.08 251.16 375 0.25 3 6 19 0.12 31 44 18 14 34 26.09 22
0 10 9 1 5 0 16 5 0.14 8 2 5 1 32 1 0 31 0 44.36 16.56 12163.87 0.24 141 0.06 675.77 734.53 0.2 4 8 29 0.11 69 72 25 12 47 13.89 36
0 3 3 0 2 0 8 2 0.18 4 2 1 0.5 5 1 0 9 2 24.08 7.22 1256.07 0.06 39 0.14 69.78 173.92 0.5 2 4 5 0.13 10 29 9 13 15 18.18 11
0 51 25 13 0 14 48 13 0.12 24 2 11 0.85 96 1 0 106 2 101.31 27.04 74089.87 0.91 421 0.04 4116.1 2739.78 0.08 12 24 85 0.08 192 229 71 20 172 11.67 106
0 31 7 7 1 29 12 4 0.09 6 2 4 1 33 1 0 43 0 84.37 19.2 31093.83 0.54 267 0.05 1727.43 1619.65 0.25 3 6 31 0.04 97 170 48 19 105 41.1 44
0 6 9 2 1 0 16 5 0.2 8 2 3 0.6 17 1 0 24 3 32.54 9.5 2936.77 0.1 63 0.11 163.15 309.13 0.2 4 8 14 0.16 19 44 15 15 32 4 25
1 55 34 25 3 91 12 30 0.22 6 2 26 0.87 70 1 0 133 3 54.04 77.46 324260.81 1.4 605 0.01 18014.49 4185.91 0.03 3 6 42 0.11 220 385 71 50 283 41.41 136
0 5 8 3 7 3 4 6 0.17 2 2 6 1 17 1 0 29 1 29.49 24 16987.59 0.24 133 0.04 943.76 707.82 0.17 1 2 13 0.13 48 85 20 20 45 25.64 36
0 16 5 1 10 7 8 3 0.1 4 2 2 0.67 11 1 0 20 1 37.71 30.2 34384.39 0.38 205 0.03 1910.24 1138.69 0.33 2 4 10 0.06 89 116 28 19 54 45.95 30
0 5 7 1 1 1 12 4 0.24 6 2 2 0.5 15 1 0 16 1 24.97 20.38 10375.62 0.17 97 0.05 576.42 509.05 0.25 3 6 13 0.17 33 64 17 21 24 11.11 17
0 22 7 2 3 5 10 4 0.13 4 2.5 3 0.75 12 3 0.67 27 3 28.78 18.12 9456.28 0.17 95 0.06 525.35 521.73 0.75 3 5 10 0.07 29 66 20 25 58 22.86 30
0 1 3 2 6 13 4 2 0.1 2 2 1 0.5 7 1 0 14 1 28.66 11.47 3771.09 0.11 67 0.09 209.5 328.76 0.5 1 2 7 0.06 30 37 17 13 35 57.58 20
0 3 5 1 0 0 8 3 0.25 4 2 2 0.67 10 1 0 12 2 15.22 12 2191.93 0.06 43 0.08 121.77 182.66 0.33 2 4 9 0.19 14 29 7 12 16 0 12
0 0 7 0 0 0 12 4 0.24 6 2 1 0.25 14 3 0.67 17 2 10.6 10.13 1086.54 0.04 29 0.1 60.36 107.31 0.75 3 6 12 0.22 9 20 4 9 18 0 17
0 10 11 2 2 14 20 6 0.18 10 2 2 0.33 25 4 0.6 32 1 21.82 22.85 11393.4 0.17 95 0.04 632.97 498.55 0.67 5 10 21 0.1 37 58 17 21 59 33.33 34
0 12 5 4 0 39 8 3 0.11 4 2 1 0.33 18 1 0 27 1 61.85 12.04 8964.95 0.25 130 0.08 498.05 744.63 0.33 2 4 17 0.04 61 69 38 15 79 59.09 27
0 55 7 9 0 23 12 4 0.19 6 2 4 1 19 1 0 21 0 51.3 7.64 2991.43 0.13 77 0.13 166.19 391.73 0.25 3 6 17 0.04 28 49 22 12 100 52.27 21
0 12 7 2 2 2 12 4 0.2 6 2 4 1 14 1 0 18 1 54.3 7.89 3382.91 0.14 80 0.13 187.94 428.6 0.25 3 6 12 0.11 34 46 28 13 35 18.18 20
0 14 9 2 5 1 16 5 0.15 8 2 5 1 21 4 0.75 28 2 18.72 21.54 8684.58 0.13 83 0.05 482.48 403.21 0.8 4 8 18 0.1 35 48 13 16 49 17.65 33
0 15 13 4 1 1 24 7 0.19 12 2 6 0.86 39 1 0 36 2 34.37 26.52 24176.72 0.3 168 0.04 1343.15 911.61 0.14 6 12 34 0.13 67 101 24 19 54 5.26 37
0 38 35 4 5 70 58 18 0.17 24 2.42 7 0.39 67 13 0.71 104 2 58.36 41.38 99929.77 0.8 372 0.02 5551.65 2414.97 0.72 17 29 51 0.08 150 222 58 32 218 41.9 109
