0 1 30.83 0 2 0 13 8 1.25 1 1 1 0 0 202 0
0 0 58.67 4.46 2 0 11 3 3.04 1 1 6 0 0 43 560
0 0 24.5 0.5 2 0 11 3 1.5 1 0 0 0 0 280 824
0 1 27.83 1.54 2 0 13 8 3.75 1 1 5 1 0 100 3
0 1 20.17 5.625 2 0 13 8 1.71 1 0 0 0 2 120 0
0 1 32.08 4 2 0 9 8 2.5 1 0 0 1 0 360 0
0 1 33.17 1.04 2 0 12 3 6.5 1 0 0 1 0 164 31285
0 0 22.92 11.585 2 0 2 8 0.04 1 0 0 0 0 80 1349
0 1 54.42 0.5 3 3 8 3 3.96 1 0 0 0 0 180 314
0 1 42.5 4.915 3 3 13 8 3.165 1 0 0 1 0 52 1442
0 1 22.08 0.83 2 0 1 3 2.165 0 0 0 1 0 128 0
0 1 29.92 1.835 2 0 1 3 4.335 1 0 0 0 0 260 200
0 0 38.25 6 2 0 8 8 1 1 0 0 1 0 0 0
0 1 48.08 6.04 2 0 8 8 0.04 0 0 0 0 0 0 2690
0 0 45.83 10.5 2 0 11 8 5 1 1 7 1 0 0 0
0 1 36.67 4.415 3 3 8 8 0.25 1 1 10 1 0 320 0
0 1 28.25 0.875 2 0 9 8 0.96 1 1 3 1 0 396 0
0 0 23.25 5.875 2 0 11 8 3.17 1 1 10 0 0 120 245
0 1 21.83 0.25 2 0 3 3 0.665 1 0 0 1 0 0 0
0 0 19.17 8.585 2 0 2 3 0.75 1 1 7 0 0 96 0
0 1 25 11.25 2 0 1 8 2.5 1 1 17 0 0 200 1208
0 1 23.25 1 2 0 1 8 0.835 1 0 0 0 2 300 0
0 0 47.75 8 2 0 1 8 7.875 1 1 6 1 0 0 1260
0 0 27.42 14.5 2 0 14 3 3.085 1 1 1 0 0 120 11
0 0 41.17 6.5 2 0 11 8 0.5 1 1 3 1 0 145 0
0 0 15.83 0.585 2 0 1 3 1.5 1 1 2 0 0 100 0
0 0 47 13 2 0 6 0 5.165 1 1 9 1 0 0 0
0 1 56.58 18.5 2 0 3 0 15 1 1 17 1 0 0 0
0 1 57.42 8.5 2 0 4 3 7 1 1 3 0 0 0 0
0 1 42.08 1.04 2 0 13 8 5 1 1 6 1 0 500 10000
0 1 29.25 14.79 2 0 0 8 5.04 1 1 5 1 0 168 0
0 1 42 9.79 2 0 14 3 7.96 1 1 8 0 0 0 0
0 1 49.5 7.585 2 0 6 0 7.585 1 1 15 1 0 0 5000
0 0 36.75 5.125 2 0 4 8 5 1 0 0 1 0 0 4000
0 0 22.58 10.75 2 0 11 8 0.415 1 1 5 1 0 0 560
0 1 27.83 1.5 2 0 13 8 2 1 1 11 1 0 434 35
0 1 27.25 1.585 2 0 2 3 1.835 1 1 12 1 0 583 713
0 0 23 11.75 2 0 14 3 0.5 1 1 2 1 0 300 551
0 1 27.75 0.585 3 3 2 8 0.25 1 1 2 0 0 260 500
0 1 54.58 9.415 2 0 5 2 14.415 1 1 11 1 0 30 300
0 1 34.17 9.17 2 0 1 8 4.5 1 1 12 1 0 0 221
0 1 28.92 15 2 0 1 3 5.335 1 1 11 0 0 0 2283
0 1 29.67 1.415 2 0 13 3 0.75 1 1 1 0 0 240 100
0 1 39.58 13.915 2 0 13 8 8.625 1 1 6 1 0 70 0
0 1 56.42 28 3 3 1 8 28.5 1 1 40 0 0 0 15
0 1 54.33 6.75 2 0 1 3 2.625 1 1 11 1 0 0 284
0 0 41 2.04 3 3 11 3 0.125 1 1 23 1 0 455 1236
0 1 31.92 4.46 2 0 2 3 6.04 1 1 3 0 0 311 300
0 1 41.5 1.54 2 0 6 0 3.5 0 0 0 0 0 216 0
0 1 23.92 0.665 2 0 1 8 0.165 0 0 0 0 0 100 0
0 0 25.75 0.5 2 0 1 3 0.875 1 0 0 1 0 491 0
0 1 26 1 2 0 11 8 1.75 1 0 0 1 0 280 0
0 1 37.42 2.04 2 0 13 8 0.04 1 0 0 1 0 400 5800
0 1 34.92 2.5 2 0 13 8 0 1 0 0 1 0 239 200
0 1 34.25 3 2 0 2 3 7.415 1 0 0 1 0 0 0
0 1 23.33 11.625 3 3 13 8 0.835 1 0 0 1 0 160 300
0 1 23.17 0 2 0 2 8 0.085 1 0 0 0 0 0 0
0 1 44.33 0.5 2 0 6 3 5 1 0 0 1 0 320 0
0 1 35.17 4.5 2 0 14 3 5.75 0 0 0 1 2 711 0
0 1 43.25 3 2 0 11 3 6 1 1 11 0 0 80 0
0 1 56.75 12.25 2 0 9 8 1.25 1 1 4 1 0 200 0
0 1 31.67 16.165 2 0 3 8 3 1 1 9 0 0 250 730
0 0 23.42 0.79 3 3 11 8 1.5 1 1 2 1 0 80 400
0 0 20.42 0.835 2 0 11 8 1.585 1 1 1 0 0 0 0
0 1 26.67 4.25 2 0 2 8 4.29 1 1 1 1 0 120 0
0 1 34.17 1.54 2 0 2 8 1.54 1 1 1 1 0 520 50000
0 0 36 1 2 0 1 8 2 1 1 11 0 0 0 456
0 1 25.5 0.375 2 0 9 8 0.25 1 1 3 0 0 260 15108
0 1 19.42 6.5 2 0 13 3 1.46 1 1 7 0 0 80 2954
0 1 35.17 25.125 2 0 14 3 1.625 1 1 1 1 0 515 500
1 1 32.33 7.5 2 0 4 0 1.585 1 0 0 1 2 420 0
1 0 38.58 5 2 0 2 8 13.5 1 0 0 1 0 980 0
1 1 44.25 0.5 2 0 9 8 10.75 1 0 0 0 2 400 0
1 1 44.83 7 3 3 1 8 1.625 0 0 0 0 0 160 2
1 1 20.67 5.29 2 0 11 8 0.375 1 1 1 0 0 160 0
1 1 34.08 6.5 2 0 0 8 0.125 1 0 0 1 0 443 0
1 0 19.17 0.585 3 3 0 8 0.585 1 0 0 1 0 160 0
1 1 21.67 1.165 3 3 8 8 2.5 1 1 1 0 0 180 20
1 1 21.5 9.75 2 0 1 8 0.25 1 0 0 0 0 140 0
1 1 49.58 19 2 0 5 2 0 1 1 1 0 0 94 0
1 0 27.67 1.5 2 0 9 8 2 1 0 0 0 2 368 0
1 1 39.83 0.5 2 0 9 8 0.25 1 0 0 0 2 288 0
1 1 27.25 0.625 2 0 0 8 0.455 1 0 0 1 0 200 0
1 1 37.17 4 2 0 1 0 5 1 0 0 1 2 280 0
1 1 25.67 2.21 3 3 0 8 4 1 0 0 0 0 188 0
1 1 34 4.5 2 0 0 8 1 1 0 0 1 0 240 0
1 0 49 1.5 2 0 7 4 0 1 0 0 1 0 100 27
1 1 62.5 12.75 3 3 1 3 5 1 0 0 0 0 112 0
1 1 31.42 15.5 2 0 1 8 0.5 1 0 0 0 0 120 0
1 1 52.33 1.375 3 3 1 3 9.46 1 0 0 1 0 200 100
1 1 28.75 1.5 3 3 1 8 1.5 1 0 0 1 0 0 225
1 0 28.58 3.54 2 0 6 0 0.5 1 0 0 1 0 171 0
1 1 23 0.625 3 3 0 8 0.125 1 0 0 0 0 180 1
1 0 22.5 11 3 3 11 8 3 1 0 0 1 0 268 0
1 0 28.5 1 2 0 11 8 1 1 1 2 1 0 167 500
1 1 37.5 1.75 3 3 1 0 0.25 1 0 0 1 0 164 400
1 1 35.25 16.5 3 3 1 8 4 1 0 0 0 0 80 0
1 1 18.67 5 2 0 11 8 0.375 1 1 2 0 0 0 38
1 1 25 12 2 0 8 8 2.25 1 1 2 1 0 120 5
1 1 27.83 4 3 3 6 3 5.75 1 1 2 1 0 75 0
