1 30 2 0 4 51 89 2 780
0 9 1 0 6 21 92 9 194
0 4 1 0 0 16 50 0 92
0 4 0 2 1 4 0 4 7
0 33 1 0 7 45 56 32 352
0 14 3 0 7 37 75 13 167
0 21 1 0 5 33 71 17 299
1 4 1 4 11 16 75 4 257
0 0 0 2 0 0 0 0 68
0 2 4 0 1 43 0 2 13
0 34 2 0 6 51 92 6 1595
0 3 6 0 30 630 45 1 467
0 2 1 0 15 14 50 1 91
0 5 1 0 20 17 50 5 82
0 4 1 0 3 16 0 4 17
0 16 1 0 8 28 82 14 181
0 3 2 0 17 73 22 2 73
0 1 1 0 11 13 0 1 58
0 18 3 0 9 49 83 18 307
0 4 2 0 4 24 33 0 25
0 3 0 6 0 3 100 0 6
0 6 1 0 5 18 62 5 45
0 3 2 0 5 23 33 0 28
0 5 2 0 5 25 72 0 91
0 5 3 0 5 36 70 5 54
0 4 1 0 1 16 0 3 18
0 4 3 0 5 41 91 3 37
0 5 1 0 5 17 60 3 91
0 3 2 0 5 23 16 0 43
0 8 1 0 5 20 96 8 177
0 4 1 0 0 16 0 3 18
0 3 3 0 3 69 0 3 15
0 5 3 0 5 38 70 5 54
0 3 2 0 4 23 0 0 37
0 3 2 0 5 23 33 0 38
0 5 2 0 7 25 9 0 72
0 3 2 0 3 23 0 0 11
0 5 2 0 5 25 30 0 38
0 5 1 0 5 17 62 3 83
0 4 1 0 1 16 16 3 20
0 3 2 0 3 23 33 0 25
0 4 2 0 3 24 50 0 25
0 14 1 0 6 26 65 10 104
0 7 2 0 5 27 46 0 123
0 8 1 13 3 20 75 0 35
0 46 2 1 34 66 95 26 666
1 2 2 0 16 32 0 1 91
1 6 0 1 2 6 0 6 8
1 4 2 0 14 34 0 1 42
1 12 1 0 4 24 48 0 80
1 3 2 0 7 33 66 2 27
1 8 2 0 14 38 73 2 94
1 3 2 0 6 33 77 2 25
1 4 2 0 13 34 0 2 80
1 7 1 0 4 19 78 3 65
1 4 2 0 10 27 75 3 83
1 2 2 0 5 32 0 1 13
1 1 2 0 1 31 100 1 7
1 4 3 0 6 37 75 4 42
1 2 0 2 0 2 0 2 5
1 7 1 1 0 7 0 7 10
1 9 2 0 20 39 72 7 110
1 2 2 0 13 32 50 1 76
1 0 0 1 1 0 0 0 81
1 5 1 0 6 17 0 5 56
1 3 2 0 8 33 0 2 75
1 4 1 1 14 16 75 4 30
1 2 2 0 4 32 0 1 15
1 2 2 0 6 32 50 1 47
1 44 1 0 20 56 87 29 712
1 2 2 0 4 32 0 1 17
1 11 1 2 18 23 59 8 129
1 3 4 0 5 44 33 3 20
1 86 2 0 39 109 0 84 155
1 10 2 0 26 40 90 1 190
1 50 1 0 8 62 90 7 2098
1 13 1 0 5 25 30 13 59
1 2 2 0 5 32 50 1 15
1 5 2 0 9 35 65 4 66
1 3 2 0 6 33 0 2 37
1 0 0 13 1 0 0 0 268
1 5 2 0 6 35 65 3 56
1 351 1 0 70 363 91 88 5317
1 5 2 0 11 32 53 4 47
1 2 2 0 6 32 0 2 15
1 15 1 1 25 27 82 10 220
1 19 1 0 26 31 81 8 537
1 10 2 0 6 95 0 7 53
1 2 2 0 1 32 50 1 6
1 8 2 0 12 38 75 6 56
1 4 2 0 7 34 0 2 53
1 31 1 0 8 43 80 25 446
1 73 1 1 33 85 95 48 765
1 56 1 0 45 68 93 45 616
1 6 1 0 21 18 0 2 122
1 31 1 0 41 43 0 14 605
1 22 1 0 43 34 89 6 693
1 18 1 38 11 30 88 18 105
1 6 2 0 11 36 83 2 55
1 3 1 0 2 15 0 3 13
