0 1 3 2 0 0 4 2 0.4 2 2 2 1 8 1 0 5 0 11.2 7.5 630 0.03 21 0.13 35 84 0.5 1 2 8 0.29 9 12 6 10 7 0 5
1 2 5 2 1 3 8 3 0.21 4 2 1 0.33 12 1 0 13 1 17.5 12.5 2734.06 0.07 46 0.08 151.89 218.72 0.33 2 4 11 0.15 20 26 12 15 20 23.53 14
0 0 3 1 0 0 4 2 0.14 2 2 2 1 5 1 0 14 1 20.76 12.27 3126.53 0.08 58 0.08 173.7 254.75 0.5 1 2 5 0.13 27 31 11 10 15 0 14
0 2 3 2 0 0 4 2 0.1 2 2 2 1 7 1 0 20 1 32.81 7.76 1978.37 0.08 53 0.13 109.91 254.79 0.5 1 2 7 0.09 24 29 17 11 23 0 20
0 19 17 13 0 0 4 15 0.27 2 2 14 0.93 35 1 0 55 1 48.69 19.67 18831.94 0.32 159 0.05 1046.22 957.56 0.07 1 2 22 0.2 59 100 39 26 75 0 55
0 5 7 0 0 0 10 4 0.31 4 2.5 1 0.25 12 4 1 13 2 17.83 10.4 1928.85 0.06 41 0.1 107.16 185.47 1 3 5 10 0.21 16 25 10 13 19 0 13
0 1 5 3 0 0 8 3 0.25 4 2 3 1 11 1 0 12 2 19.82 16 5073.1 0.11 64 0.06 281.84 317.07 0.33 2 4 10 0.21 30 34 15 16 14 0 12
0 4 5 1 1 3 8 3 0.25 4 2 2 0.67 9 1 0 11 0 31.09 12.37 4760.62 0.13 75 0.08 264.48 384.7 0.33 2 4 8 0.15 33 42 20 15 20 26.67 12
0 0 3 0 0 0 4 2 0.18 2 2 1 0.5 6 1 0 11 1 16.61 3 149.49 0.02 15 0.33 8.3 49.83 0.5 1 2 6 0.17 4 11 4 6 12 0 11
0 1 7 0 0 1 12 4 0.31 6 2 1 0.25 14 1 0 13 1 14.3 23.27 7746.14 0.11 70 0.04 430.34 332.84 0.25 3 6 12 0.25 32 38 11 16 16 7.14 13
0 16 15 9 4 2 12 9 0.23 4 3 7 0.78 33 5 0.5 36 0 41.98 23.21 22625.5 0.32 165 0.04 1256.97 974.64 0.56 4 6 26 0.15 65 100 35 25 59 14.29 40
0 0 9 0 0 0 12 5 0.83 4 3 1 0.2 13 5 1 6 1 18.02 6.29 712.17 0.04 29 0.16 39.57 113.3 1 4 6 10 0.71 11 18 7 8 7 0 6
0 1 3 1 0 0 4 2 0.18 2 2 2 1 8 1 0 11 1 22.15 6.4 907.38 0.05 34 0.16 50.41 141.78 0.5 1 2 8 0.15 16 18 10 8 13 0 11
0 0 3 1 0 0 4 2 0.5 2 2 2 1 6 1 0 4 1 12.17 8.4 858.37 0.03 25 0.12 47.69 102.19 0.5 1 2 6 0.4 7 18 5 12 5 0 4
1 34 37 4 21 62 72 19 0.15 36 2 3 0.16 90 1 0 107 0 65.2 50.76 168007.02 1.1 494 0.02 9333.72 3310.02 0.05 18 36 73 0.08 209 285 70 34 225 43.68 128
0 1 5 2 0 1 6 3 0.43 2 3 3 1 8 3 1 7 0 19.38 5.06 496.63 0.03 24 0.2 27.59 98.1 1 2 3 7 0.3 9 15 8 9 10 12.5 7
0 4 5 1 0 0 8 3 0.43 4 2 2 0.67 10 1 0 7 0 13.13 11 1588.72 0.05 34 0.09 88.26 144.43 0.33 2 4 9 0.25 16 18 8 11 12 0 7
0 2 3 0 1 0 4 2 0.18 2 2 1 0.5 6 1 0 10 2 14.55 10.56 1623.78 0.05 35 0.09 90.21 153.73 0.5 1 2 6 0.14 13 22 8 13 14 9.09 11
0 0 3 2 0 0 4 2 0.33 2 2 2 1 8 1 0 6 2 11.42 6.67 507.65 0.03 20 0.15 28.2 76.15 0.5 1 2 8 0.29 10 10 6 8 7 0 6
0 0 9 1 0 4 12 5 0.26 4 3 3 0.6 14 5 1 19 3 30.08 11.53 3998.33 0.12 70 0.09 222.13 346.79 1 4 6 11 0.21 28 42 17 14 24 17.39 19
1 9 13 6 7 4 24 7 0.15 12 2 6 0.86 37 1 0 40 0 67.47 13.2 11756.11 0.3 149 0.08 653.12 890.61 0.14 6 12 32 0.11 66 83 45 18 61 21.57 47
1 3 9 1 3 4 16 5 0.31 8 2 2 0.4 16 1 0 13 0 39.65 12.16 5863.3 0.16 90 0.08 325.74 482.18 0.2 4 8 13 0.21 38 52 25 16 24 35 16
0 1 5 2 0 0 8 3 0.5 4 2 2 0.67 11 1 0 6 1 17.3 4.2 305.12 0.02 21 0.24 16.95 72.65 0.33 2 4 10 0.38 7 14 5 6 8 0 6
0 19 15 3 2 35 28 8 0.13 14 2 2 0.25 36 4 0.43 62 0 41.25 40.3 66987 0.55 275 0.02 3721.5 1662.21 0.5 7 14 30 0.07 124 151 40 26 119 37.37 64
0 11 17 1 7 31 20 11 0.27 10 2 4 0.36 30 1 0 34 0 44.18 22.67 22710.3 0.33 171 0.04 1261.68 1001.71 0.09 5 10 21 0.13 69 102 35 23 84 52.78 41
0 9 12 6 2 0 8 8 0.3 2 4 6 0.75 20 4 0.43 25 0 34.52 16.8 9743.56 0.19 105 0.06 541.31 579.97 0.5 3 4 14 0.22 40 65 25 21 37 7.41 27
0 4 11 4 0 3 18 6 0.25 8 2.25 4 0.67 22 4 0.6 24 2 29.2 19.5 11102.33 0.19 111 0.05 616.8 569.35 0.67 5 9 18 0.19 52 59 20 15 32 11.11 24
0 32 24 2 1 8 14 19 0.23 6 2.33 18 0.95 58 1 0 80 1 41.45 45.39 85416.04 0.63 304 0.02 4745.34 1881.71 0.05 4 7 41 0.16 123 181 42 31 122 10.11 81
0 15 21 2 15 12 38 11 0.14 18 2.11 3 0.27 48 5 0.4 62 0 44.17 19.55 16883.11 0.29 153 0.05 937.95 863.51 0.45 10 19 39 0.1 54 99 29 21 105 30.34 77
0 20 13 7 0 16 22 7 0.18 10 2.2 6 0.86 30 3 0.33 40 1 55.34 17.53 16997.52 0.32 167 0.06 944.31 969.83 0.43 6 11 25 0.09 74 93 38 18 77 28.57 40
1 7 8 5 0 0 4 6 0.21 2 2 5 0.83 19 1 0 28 1 34.79 13.73 6559.11 0.16 86 0.07 364.4 477.69 0.17 1 2 15 0.17 34 52 26 21 36 0 28
0 2 11 1 7 1 16 6 0.24 6 2.67 3 0.5 19 5 0.8 18 0 43.77 11.31 5596.62 0.16 93 0.09 310.92 494.94 0.83 5 8 15 0.21 42 51 26 14 29 30.77 25
0 1 5 3 2 1 8 3 0.3 4 2 3 1 11 1 0 8 0 22.95 7.27 1213.88 0.06 38 0.14 67.44 166.91 0.33 2 4 10 0.23 16 22 11 10 13 27.27 10
0 11 11 1 1 27 20 6 0.14 10 2 3 0.5 22 1 0 43 1 47.47 22.17 23323.93 0.35 182 0.05 1295.77 1052.21 0.17 5 10 18 0.07 84 98 36 19 83 39.44 44
0 4 7 3 0 1 12 4 0.44 6 2 4 1 13 1 0 9 0 19.64 5.5 594 0.04 27 0.18 33 108 0.25 3 6 11 0.27 11 16 8 8 15 10 9
0 0 3 1 0 0 4 2 0.29 2 2 2 1 7 1 0 7 1 8.41 10.13 861.74 0.03 23 0.1 47.87 85.11 0.5 1 2 7 0.25 9 14 4 9 8 0 7
0 2 7 0 0 0 12 4 0.44 6 2 1 0.25 13 4 1 9 2 7.44 13.5 1355.12 0.03 28 0.07 75.28 100.38 1 3 6 11 0.33 9 19 3 9 12 0 9
1 20 12 3 0 4 14 7 0.26 6 2.33 4 0.57 22 1 0 27 5 23.63 21.45 10872.53 0.17 94 0.05 604.03 506.88 0.14 4 7 17 0.13 39 55 20 22 52 12.9 27
0 4 24 3 10 1 28 16 0.22 14 2 5 0.31 49 1 0 64 0 36.82 82.8 252471.13 1.02 488 0.01 14026.17 3048.99 0.06 7 14 35 0.2 194 294 41 35 80 14.67 74
0 7 7 2 1 0 12 4 0.13 6 2 3 0.75 16 1 0 30 2 29.83 40.13 48033.42 0.4 222 0.02 2668.52 1197.09 0.25 3 6 14 0.1 107 115 24 18 39 3.23 31
0 2 13 1 0 0 22 7 0.64 10 2.2 5 0.71 25 6 0.83 11 0 7.15 29.75 6326.82 0.07 51 0.03 351.49 212.67 0.86 6 11 20 0.5 17 34 4 14 14 0 11
0 23 51 0 0 13 84 26 0.36 34 2.47 1 0.04 86 13 0.48 72 0 67.01 40.21 108344.7 0.9 425 0.02 6019.15 2694.44 0.5 25 42 62 0.24 191 234 57 24 109 15.29 72
0 27 25 20 0 0 4 23 0.29 2 2 22 0.96 51 1 0 79 1 54.19 28.96 45461.48 0.52 243 0.03 2525.64 1569.64 0.04 1 2 30 0.21 92 151 54 34 107 0 79
0 2 7 1 0 0 12 4 0.44 6 2 2 0.5 14 3 0.67 9 0 10.4 19 3755.43 0.07 45 0.05 208.64 197.65 0.75 3 6 12 0.33 19 26 7 14 12 0 9
0 6 9 1 2 4 16 5 0.36 8 2 2 0.4 16 1 0 12 0 15.86 20 6345.71 0.11 66 0.05 352.54 317.29 0.2 4 8 13 0.2 30 36 12 16 25 33.33 14
0 9 3 2 0 8 4 2 0.14 2 2 2 1 8 1 0 14 0 37.7 7.78 2280.82 0.1 61 0.13 126.71 293.25 0.5 1 2 8 0.06 28 33 18 10 32 36.36 14
0 3 7 3 2 1 10 4 0.33 4 2.5 2 0.5 14 1 0 10 0 32.81 8.31 2263.1 0.09 55 0.12 125.73 272.48 0.25 3 5 12 0.24 23 32 18 13 17 23.08 12
0 2 3 2 0 0 4 2 0.1 2 2 2 1 7 1 0 20 1 32.95 7.44 1824.39 0.08 51 0.13 101.36 245.18 0.5 1 2 7 0.09 23 28 17 11 23 0 20
0 8 3 2 0 0 4 2 0.15 2 2 2 1 7 1 0 13 1 26.31 10.35 2820.11 0.09 54 0.1 156.67 272.4 0.5 1 2 7 0.09 22 32 17 16 22 0 13
1 16 17 5 0 1 28 9 0.21 12 2.33 7 0.78 36 7 0.75 43 1 81.27 13.35 14482.39 0.36 186 0.07 804.58 1084.92 0.78 8 14 29 0.15 82 104 43 14 61 2.27 43
1 12 9 2 0 0 14 5 0.23 6 2.33 4 0.8 15 5 1 22 1 38.68 13.94 7516.89 0.18 100 0.07 417.61 539.23 1 4 7 12 0.14 41 59 25 17 35 0 22
0 1 7 4 0 0 12 4 0.19 6 2 2 0.5 24 1 0 21 3 34.66 14.24 7026.27 0.16 97 0.07 390.35 493.48 0.25 3 6 22 0.17 46 51 21 13 23 0 21
0 2 5 0 0 0 8 3 0.3 4 2 1 0.33 11 1 0 10 0 13.14 8.17 876.39 0.04 29 0.12 48.69 107.31 0.33 2 4 10 0.23 14 15 6 7 13 0 10
0 7 7 4 0 3 4 5 0.15 2 2 5 1 14 1 0 34 1 41.62 13.04 7074.24 0.18 100 0.08 393.01 542.63 0.2 1 2 11 0.11 44 56 27 16 45 8.1 34
0 2 3 3 0 0 4 2 0.29 2 2 2 1 7 1 0 7 0 19.12 3 172.08 0.02 16 0.33 9.56 57.36 0.5 1 2 7 0.2 6 10 6 6 10 0 7
0 19 15 3 0 0 28 8 0.18 14 2 8 1 40 6 0.71 44 0 63.87 22.36 31928.52 0.48 247 0.04 1773.81 1428 0.75 7 14 34 0.13 109 138 39 16 64 0 44
0 9 11 2 0 6 20 6 0.22 10 2 5 0.83 26 1 0 27 0 44.04 24.5 26437.57 0.36 185 0.04 1468.75 1079.08 0.17 5 10 22 0.14 84 101 36 21 43 18.18 27
0 1 3 1 0 0 4 2 0.22 2 2 2 1 6 1 0 9 0 19.34 12.31 2929.74 0.08 49 0.08 162.76 238.04 0.5 1 2 6 0.18 20 29 13 16 11 0 9
0 1 9 0 0 0 14 5 0.5 6 2.33 1 0.2 17 3 0.5 10 0 8.52 19.25 3158.72 0.05 42 0.05 175.48 164.09 0.6 4 7 14 0.42 14 28 4 11 12 0 10
0 13 17 6 0 4 32 9 0.28 16 2 7 0.78 34 1 0 32 1 50.85 9.8 4888.17 0.17 98 0.1 271.56 498.57 0.11 8 16 27 0.18 41 57 23 11 50 11.11 32
0 1 36 2 1 0 56 21 0.42 28 2 6 0.29 77 9 0.4 49 4 35.67 65.77 154273.13 0.78 384 0.02 8570.73 2345.67 0.43 14 28 58 0.4 171 213 39 30 52 2 50
0 48 5 7 2 26 6 3 0.06 2 3 2 0.67 14 3 1 51 0 113.81 16.76 31957.74 0.64 296 0.06 1775.43 1907.11 1 2 3 13 0.02 138 158 70 17 128 35.44 53
0 5 3 3 1 2 4 2 0.12 2 2 2 1 9 1 0 16 0 38.94 14.72 8438.36 0.19 107 0.07 468.8 573.26 0.5 1 2 9 0.08 46 61 25 16 25 15.79 17
0 2 7 2 0 0 8 4 0.31 4 2 3 0.75 15 1 0 13 0 14.24 12.75 2314.39 0.06 42 0.08 128.58 181.52 0.25 2 4 13 0.25 17 25 8 12 16 0 13
0 3 13 5 0 0 24 7 0.41 12 2 6 0.86 32 6 0.83 17 0 27.29 21.05 12094.31 0.19 112 0.05 671.91 574.48 0.86 6 12 27 0.33 50 62 19 16 21 0 17
0 6 3 1 0 0 4 2 0.17 2 2 2 1 6 1 0 12 1 19.81 9.82 1909.77 0.06 43 0.1 106.1 194.51 0.5 1 2 6 0.11 18 25 11 12 19 0 12
0 4 3 0 1 3 4 2 0.2 2 2 1 0.5 6 1 0 9 0 18.85 8.89 1489.65 0.06 41 0.11 82.76 167.59 0.5 1 2 6 0.11 20 21 9 8 18 30.77 10
0 1 13 4 0 0 24 7 0.35 12 2 3 0.43 32 4 0.5 20 0 33.58 20.52 14141.06 0.23 127 0.05 785.61 689.14 0.57 6 12 27 0.32 57 70 25 18 22 0 20
0 1 7 0 0 0 12 4 0.33 6 2 1 0.25 14 1 0 12 0 21.91 10.05 2210.79 0.07 48 0.1 122.82 220.08 0.25 3 6 12 0.29 17 31 11 13 14 0 12
1 12 7 1 0 0 12 4 0.17 6 2 4 1 12 1 0 23 1 46.5 11.79 6459.19 0.18 101 0.08 358.84 548.05 0.25 3 6 10 0.11 44 57 28 15 36 0 23
0 8 5 2 0 2 8 3 0.2 4 2 3 1 12 1 0 15 3 29.67 10.11 3033.33 0.1 60 0.1 168.52 300 0.33 2 4 11 0.12 26 34 18 14 26 11.76 15
0 6 11 2 0 1 20 6 0.15 10 2 3 0.5 26 1 0 39 3 65.33 12 9407.91 0.26 135 0.08 522.65 783.99 0.17 5 10 22 0.13 60 75 40 16 47 2.5 39
0 1 13 1 0 0 20 7 0.7 8 2.5 3 0.43 22 1 0 10 1 13.71 21.6 6396.36 0.1 63 0.05 355.35 296.13 0.14 6 10 17 0.58 27 36 10 16 12 0 10
0 1 9 3 0 0 16 5 0.26 8 2 5 1 24 1 0 19 0 45.44 13 7679.54 0.2 111 0.08 426.64 590.73 0.2 4 8 21 0.24 54 57 27 13 21 0 19
0 24 7 4 2 12 12 4 0.12 6 2 4 1 22 1 0 31 2 30.45 28.98 25572.65 0.29 158 0.03 1420.7 882.42 0.25 3 6 20 0.06 63 95 25 23 70 31.11 33
0 6 9 2 2 9 12 5 0.26 6 2 4 0.8 20 1 0 17 1 35.57 8 2276.8 0.09 58 0.13 126.49 284.6 0.2 3 6 17 0.14 24 34 18 12 35 39.29 19
0 5 11 7 5 10 20 6 0.14 10 2 6 1 31 1 0 37 0 169.61 8.26 11574.36 0.47 221 0.12 643.02 1401.11 0.17 5 10 27 0.1 95 126 69 12 58 28.85 42
0 1 5 0 1 0 8 3 0.27 4 2 1 0.33 10 1 0 10 2 13.96 11.67 1899.9 0.05 36 0.09 105.55 162.85 0.33 2 4 9 0.23 15 21 9 14 13 9.09 11
0 4 29 4 0 5 56 15 0.42 28 2 8 0.53 61 1 0 36 0 40.52 27.02 29576.11 0.36 193 0.04 1643.12 1094.78 0.07 14 28 48 0.33 91 102 32 19 46 12.2 36
0 5 49 0 0 0 56 25 0.48 16 3.5 1 0.04 65 25 1 52 4 31.64 38.62 47183.65 0.41 249 0.03 2621.31 1221.82 1 20 28 42 0.43 101 148 17 13 58 0 52
0 1 9 1 0 0 16 5 0.45 8 2 3 0.6 18 1 0 11 0 16.12 14.3 3299.03 0.08 51 0.07 183.28 230.7 0.2 4 8 15 0.38 22 29 10 13 13 0 11
0 0 3 0 0 0 4 2 0.33 2 2 1 0.5 6 1 0 6 2 6.5 6 234 0.01 13 0.17 13 39 0.5 1 2 6 0.29 4 9 2 6 7 0 6
0 14 3 2 0 12 4 2 0.05 2 2 2 1 14 1 0 41 0 75.92 28.31 60857.94 0.72 343 0.04 3381 2149.51 0.5 1 2 14 0.03 151 192 56 21 68 22.64 41
0 1 11 1 5 0 20 6 0.22 10 2 2 0.33 24 4 0.6 22 1 16.21 46.93 35696.56 0.25 146 0.02 1983.14 760.58 0.67 5 10 20 0.21 64 82 15 22 29 18.52 27
0 25 13 15 0 19 12 9 0.16 6 2 9 1 38 1 0 57 0 59.57 22.33 29696.99 0.44 211 0.04 1649.83 1330.1 0.11 3 6 31 0.09 86 125 52 27 102 25 57
1 13 16 3 2 0 10 12 0.2 4 2.5 7 0.58 34 4 0.27 58 1 40.9 26.43 28568.25 0.36 183 0.04 1587.13 1080.96 0.33 3 5 24 0.16 74 109 35 25 74 3.33 60
0 1 13 1 0 0 22 7 0.41 10 2.2 6 0.86 24 6 0.83 17 3 44.6 12.75 7250.82 0.19 110 0.08 402.82 568.69 0.86 6 11 19 0.37 51 59 24 12 19 0 17
1 10 5 4 2 2 8 3 0.08 4 2 1 0.33 13 1 0 34 0 61.05 23.72 34338.99 0.48 254 0.04 1907.72 1447.91 0.33 2 4 12 0.06 117 137 37 15 49 10.53 36
0 2 13 3 0 0 24 7 0.37 12 2 4 0.57 30 7 1 19 0 36.07 18.91 12903.06 0.23 130 0.05 716.84 682.23 1 6 12 25 0.32 58 72 23 15 22 0 19
0 0 5 4 1 0 8 3 0.25 4 2 2 0.67 14 1 0 11 0 25.67 11.09 3155.71 0.09 58 0.09 175.32 284.6 0.33 2 4 13 0.23 29 29 17 13 13 8.33 12
0 14 9 6 2 5 16 5 0.26 8 2 5 1 22 1 0 17 0 27.48 11.67 3740.65 0.11 66 0.09 207.81 320.63 0.2 4 8 19 0.13 25 41 15 14 39 29.17 19
0 1 13 2 9 0 24 5 0.11 12 2 3 0.6 32 1 0 36 0 50.26 14.66 10796.83 0.25 128 0.07 599.82 736.63 0.2 6 12 27 0.11 54 74 35 19 46 20 45
1 225 236 15 2 40 384 136 0.23 188 2.04 123 0.9 581 123 0.9 600 2 246.47 105.26 2730637.23 8.65 2785 0.01 151702.06 25942.69 0.9 98 192 447 0.16 1144 1641 538 99 868 6.54 602
0 5 3 2 0 0 4 2 0.14 2 2 2 1 9 1 0 14 0 25.22 9.21 2138.11 0.08 50 0.11 118.78 232.19 0.5 1 2 9 0.1 17 33 12 13 20 0 14
0 10 9 3 4 6 16 5 0.28 8 2 2 0.4 20 3 0.5 14 1 26.25 13.59 4846.95 0.12 72 0.07 269.28 356.7 0.6 4 8 17 0.14 33 39 17 14 35 41.67 18
0 0 7 2 0 0 12 4 0.24 6 2 3 0.75 13 1 0 17 2 25.55 11.15 3178.67 0.09 63 0.09 176.59 284.98 0.25 3 6 11 0.22 29 34 13 10 18 0 17
0 8 13 1 0 2 16 7 0.44 4 4 3 0.43 21 7 1 16 0 19.37 22 9373.21 0.14 97 0.05 520.73 426.05 1 6 8 16 0.26 40 57 10 11 27 11.11 16
0 10 3 5 2 0 4 2 0.07 2 2 2 1 9 1 0 26 0 65.33 14.63 13972.73 0.32 175 0.07 776.26 955.4 0.5 1 2 9 0.05 78 97 32 12 39 7.14 28
0 13 11 0 2 9 20 6 0.26 10 2 1 0.17 22 1 0 21 0 25.45 30.07 23005.27 0.26 141 0.03 1278.07 765.1 0.17 5 10 18 0.13 63 78 22 21 46 34.38 23
0 9 5 2 0 1 8 3 0.2 4 2 3 1 10 1 0 15 1 25.82 11.67 3513.94 0.1 62 0.09 195.22 301.19 0.33 2 4 9 0.12 25 37 15 14 26 6.25 15
