1 1 15600
0 1 14650
1 1 15001
1 1 15628
1 1 14222
0 1 14222
0 1 15065
0 1 14916
0 1 14477
1 1 14308
0 1 14239
0 1 14202
1 1 12978
1 1 14511
0 1 13726
0 1 13555
1 1 13544
0 1 13723
1 1 13293
0 1 14333
1 1 13050
1 1 13207
0 1 13501
1 1 12548
0 1 13224
1 2 16423
0 2 15156
0 2 15973
0 2 14576
0 2 15361
0 2 14288
0 2 14711
0 2 14259
0 2 14290
0 2 13833
0 2 14033
0 2 12963
0 2 14255
1 2 12614
0 2 13175
1 2 12595
0 2 12219
0 3 22331
0 3 17063
0 3 15851
1 3 16113
0 3 15448
1 3 15421
1 3 15434
1 3 13597
0 3 15278
1 3 14724
0 3 15275
1 3 14450
1 3 14803
0 3 14033
0 3 14587
0 3 14201
1 3 13977
1 3 14570
1 3 14231
1 3 12890
0 3 14516
0 3 14039
0 3 14136
1 3 13505
1 3 12714
0 3 14371
0 3 13762
1 3 13669
0 3 13602
1 3 13721
1 3 13297
0 3 12948
0 4 22934
1 4 17819
0 4 18266
0 4 17188
0 4 16960
0 4 16040
1 4 16719
0 4 16457
1 4 15617
0 4 15705
1 4 15680
0 4 15756
0 4 15593
0 4 14099
0 4 13628
1 4 15556
0 4 14973
0 4 14874
1 4 13659
0 4 13554
0 4 13994
0 4 13685
1 4 13626
0 4 13240
1 4 12784
0 5 24161
0 5 22067
1 5 18125
0 5 20043
0 5 18311
0 5 18666
0 5 18913
0 5 19673
1 5 17666
0 5 17994
0 5 17682
0 5 16841
1 5 16159
1 5 15282
0 5 15795
1 5 14040
1 5 14973
1 5 14650
0 5 13148
1 5 12433
1 6 21995
0 6 21487
1 6 20966
1 6 18911
0 6 21349
1 6 18129
0 6 17847
0 6 18681
0 6 18146
0 6 17929
0 6 17643
1 6 18878
1 6 17367
1 6 17644
0 6 17666
0 6 17591
0 6 18275
0 6 17182
1 6 17311
0 6 16693
0 6 15663
0 6 16842
0 6 16396
1 6 17049
0 6 16502
0 6 15435
0 6 15200
1 6 16040
0 6 16783
0 6 15488
0 6 15591
0 6 14704
0 6 14742
1 6 14870
0 6 14348
0 6 15336
0 6 14455
1 7 13723
1 7 13726
1 7 12767
1 7 12952
1 7 11618
1 7 11700
1 7 12502
1 7 13320
1 7 10473
1 7 11885
1 7 11688
1 7 11419
1 7 11337
1 7 13183
1 7 10499
1 7 10859
1 7 10982
1 7 10176
1 7 12317
1 7 11412
1 7 11077
1 7 10856
1 7 10383
1 7 10232
1 7 9569
1 7 9939
1 7 10252
1 7 9781
1 7 9426
