1 1 2.2 5.5 2.4
1 2 2.2 4.5 2.4
1 3 2.3 5.1 2.4
1 4 2 5.5 2.2
1 5 1.6 5.7 2.1
0 6 1.4 5.1 1.5
0 7 1.8 4.3 2.3
1 8 2.2 4.8 2.3
1 9 2.9 5.6 2.5
0 10 2.6 5.9 2
0 11 2.4 6 1.9
1 12 2.1 5.1 1.7
1 13 3 5.2 2.2
1 14 2.5 4.4 1.8
0 15 2.7 5.5 3.2
0 16 2.2 5.4 3.2
1 17 2.4 4.1 2.7
1 18 2.7 4.4 2.2
1 19 3.1 4.7 2.2
1 20 2.5 4.6 1.9
1 21 2.4 6 1.9
0 22 2.3 5.6 1.8
0 23 2.4 5.1 2.7
0 24 1.9 4.7 3
1 25 3.3 4.8 2.3
1 26 3.8 5.5 2
0 27 3.7 5.1 2
0 28 3.5 5.2 2.9
0 29 3.1 5 2.9
1 30 2.7 4 2.7
1 31 4.1 3.7 2.7
0 32 4 4.8 2.3
0 33 3.4 5.9 2.6
0 34 3.2 5.5 2.4
0 35 3.7 4.9 1.8
1 36 3.6 4.4 1.7
1 37 4.1 4.7 1.5
0 38 2 4.2 1.4
0 39 4.6 5.5 2.1
0 40 4.1 4.9 3.3
1 41 3.2 4.8 3.5
0 42 2.9 4.5 3.5
0 43 2.7 4.9 3.1
0 44 3 4.9 2.6
1 45 0 4.5 2.1
0 46 0 4.2 3.4
0 47 0 4.9 3
0 48 0 5.9 2.9
