0 1 0 1 0 0 1 0 0 0 0 0 0 0 0 0 26 1.52 54.5 75.0 3.35 1 0 0 0 0 0 0 0 0 1 0 0 0 0 0 0 0 0 0 0 0 0 0 0 0 0 0 0 0 0 0 0 0 0 0
0 7 0 1 0 0 1 0 0 0 0 0 0 0 0 0 24 1.73 76.4 89.1 3.41 1 0 0 0 0 0 0 0 0 1 0 0 0 0 0 0 0 0 0 0 0 0 0 0 0 0 0 0 0 0 0 0 0 0 0
0 8 0 1 0 0 0 0 0 0 0 0 0 0 1 0 25 1.63 70.0 85.0 4.01 0 1 0 0 0 0 0 0 0 1 0 0 0 0 0 0 1 0 0 0 0 1 0 0 0 0 0 0 0 0 0 0 0 0 0
0 9 0 0 1 0 0 0 0 0 0 0 1 0 0 0 20 1.55 52.3 59.5 3.69 0 1 0 0 0 0 0 0 0 0 0 0 1 0 0 0 0 0 0 1 0 0 0 0 0 0 0 0 0 0 0 0 1 0 0
0 10 0 0 1 0 0 0 0 0 0 0 0 0 1 0 18 1.63 83.2 90.9 3.3 1 0 0 0 0 0 0 0 0 1 0 0 0 1 0 0 0 0 1 0 0 0 0 0 0 0 1 0 0 0 0 0 0 0 1
0 11 0 1 0 0 1 0 0 0 0 0 0 0 0 0 21 1.65 64.5 75.5 2.95 1 0 0 0 0 0 0 0 0 1 0 0 0 0 0 0 0 0 0 0 0 0 0 0 0 0 0 0 0 0 0 0 0 0 0
0 12 0 1 0 0 1 0 0 0 0 0 0 0 0 0 26 1.55 49.5 53.6 2.64 1 0 0 0 0 0 0 0 0 1 0 0 0 1 0 0 0 0 0 0 0 1 0 0 0 0 0 0 0 0 0 0 0 0 0
0 14 0 1 0 0 0 0 0 0 0 0 0 0 1 0 26 1.6 52.3 64.5 4.49 0 1 0 0 0 0 0 0 0 0 0 1 0 0 0 1 1 0 0 0 1 0 0 0 0 0 0 0 0 0 0 0 0 1 0
0 17 0 1 0 0 0 0 0 0 0 0 0 1 0 0 42 1.52 66.8 73.2 2.44 0 0 0 0 0 0 1 0 0 0 0 0 1 0 0 0 1 0 0 0 0 0 1 0 0 0 0 0 0 0 0 0 0 0 0
1 19 0 0 1 0 0 0 0 0 0 0 1 0 0 0 18 1.6 56.4 70.0 3.89 0 1 0 0 0 0 0 0 0 0 0 1 0 0 0 0 1 0 1 0 0 0 0 0 0 0 1 0 0 0 0 0 1 0 0
0 22 0 1 0 0 1 0 0 0 0 0 0 0 0 0 26 1.52 44.5 56.4 3.49 1 0 0 0 0 0 0 0 0 1 0 0 0 0 1 0 0 0 0 0 0 0 0 0 1 0 0 0 0 0 0 0 0 0 0
1 24 0 0 1 0 0 0 0 0 0 0 1 0 0 0 21 1.55 57.3 77.3 3.35 1 0 0 0 0 0 0 0 0 1 0 0 0 0 0 0 1 0 0 0 0 0 0 0 0 0 0 0 0 0 0 0 1 0 0
0 28 0 1 0 0 1 0 0 0 0 0 0 0 0 0 30 1.63 62.7 72.3 3.07 0 0 0 0 1 0 0 0 1 0 0 0 0 0 0 0 0 0 0 0 0 0 0 0 0 0 0 0 0 0 0 0 0 0 0
0 30 0 0 1 0 0 0 0 0 0 0 0 1 0 0 26 1.65 70.0 89.1 3.21 0 1 0 0 0 0 0 0 0 0 1 0 0 0 0 0 0 0 0 0 0 1 1 1 1 1 1 0 0 0 0 0 0 0 0
0 31 0 1 0 0 0 0 0 0 0 0 0 0 1 0 28 1.68 56.8 70.9 3.41 1 0 0 0 0 0 0 0 0 1 0 0 0 0 0 0 0 0 0 0 0 0 0 0 0 0 0 0 0 0 0 0 1 0 0
0 33 1 0 0 0 1 0 0 0 0 0 0 0 0 0 29 1.57 68.2 75.0 3.35 1 0 0 0 0 0 0 0 1 0 0 0 0 0 0 0 0 0 0 0 0 0 0 0 0 0 0 0 0 0 0 0 0 0 0
1 37 0 1 0 0 0 0 0 0 0 0 0 0 1 0 21 1.6 62.7 73.2 2.95 1 0 0 0 0 0 0 0 0 1 0 0 0 0 0 0 1 0 0 0 0 0 0 0 0 0 0 0 0 0 0 0 0 0 0
0 38 0 0 1 0 0 0 1 0 0 0 0 0 0 0 24 1.73 63.6 69.5 3.18 0 1 0 0 0 0 0 0 0 0 1 0 0 0 0 0 0 0 1 0 0 1 1 1 0 0 1 0 0 0 0 0 1 0 0
0 40 0 1 0 0 0 0 0 0 0 0 0 0 1 0 27 1.57 55.9 62.3 3.69 1 0 0 0 0 0 0 0 0 1 0 0 0 0 0 1 1 0 0 0 0 0 1 0 1 0 0 0 0 0 0 0 0 0 0
1 41 0 0 0 1 0 0 0 0 0 0 1 0 0 0 32 1.6 47.7 66.8 3.41 0 0 0 0 0 1 0 0 0 0 0 1 0 1 0 1 0 0 0 0 0 1 0 0 1 0 0 0 0 1 0 0 0 0 0
0 47 0 1 0 0 1 0 0 0 0 0 0 0 0 0 23 1.52 55.5 69.5 3.35 1 0 0 0 0 0 0 0 0 1 0 0 0 0 0 0 0 0 0 0 0 0 0 0 0 0 0 0 0 0 0 0 0 0 0
0 48 0 0 1 0 0 0 0 1 0 0 0 0 0 0 31 1.6 47.7 55.9 1.62 1 0 0 0 0 0 0 0 0 1 0 0 0 1 0 0 0 0 0 1 0 1 0 0 0 0 0 0 0 0 0 0 0 0 0
0 49 0 1 0 0 0 0 0 0 0 0 0 0 1 0 37 1.6 76.4 89.1 3.58 0 1 0 0 0 0 0 0 0 0 0 1 0 0 0 0 1 0 0 0 0 0 1 0 1 0 0 0 0 0 0 0 0 0 0
1 50 0 0 1 0 0 0 0 0 0 0 1 0 0 0 23 1.65 95.5 95.5 2.73 0 1 0 0 0 0 0 0 0 0 1 0 0 0 0 0 1 0 0 1 0 0 0 0 0 0 0 0 0 0 0 0 1 0 1
0 51 0 1 0 0 0 0 0 0 1 0 0 0 0 0 39 1.7 72.3 89.1 3.44 1 0 0 0 0 0 0 0 0 1 0 0 0 0 0 0 1 0 0 0 0 1 0 0 0 0 0 0 0 0 0 0 0 1 0
0 52 0 0 1 0 0 0 0 0 0 0 1 0 0 0 32 1.7 65.9 75.0 3.66 0 1 0 0 0 0 0 0 0 0 0 0 1 0 0 0 0 0 0 0 0 0 0 0 0 0 0 0 0 0 0 0 1 1 1
0 53 0 0 1 0 0 0 0 0 1 0 0 0 0 0 30 1.52 50.9 57.3 2.56 0 1 0 0 0 0 0 0 0 0 0 1 0 0 1 1 0 1 0 0 0 1 0 1 1 1 1 0 0 0 0 0 1 0 0
0 56 0 0 1 0 0 0 0 0 0 0 1 0 0 0 29 1.55 47.7 54.5 3.81 0 0 1 0 0 0 0 0 0 0 0 1 0 0 0 0 0 0 0 1 0 0 0 0 0 0 0 0 0 0 0 0 1 0 0
0 57 0 1 0 0 1 0 0 0 0 0 0 0 0 0 24 1.75 59.1 68.6 2.98 0 0 0 1 0 0 0 0 0 0 1 0 0 0 0 0 0 0 0 0 0 0 0 0 0 0 0 0 0 0 0 0 0 0 0
0 60 0 0 1 0 0 0 0 1 0 0 0 0 0 0 32 1.63 66.4 82.7 2.64 0 0 1 0 0 0 0 0 0 0 0 1 0 1 0 0 1 1 1 1 0 0 0 0 1 0 0 0 0 0 0 0 1 1 1
0 61 0 1 0 0 1 0 0 0 0 0 0 0 0 0 23 1.55 44.5 48.2 2.27 1 0 0 0 0 0 0 0 0 1 0 0 0 0 0 0 0 0 0 0 0 0 0 0 0 0 0 0 0 0 0 0 0 0 0
0 62 0 1 0 0 1 0 0 0 0 0 0 0 0 0 18 1.6 63.6 75.0 3.47 1 0 0 0 0 0 0 0 0 1 0 0 0 0 0 0 0 0 0 0 0 0 0 0 0 0 0 0 0 0 0 0 0 0 0
0 63 0 0 1 0 0 0 0 0 0 0 0 0 0 1 28 1.55 47.7 58.2 2.56 0 1 0 0 0 0 0 0 0 0 1 0 0 0 0 0 1 0 0 0 0 1 0 0 0 0 1 0 0 0 0 0 1 0 0
0 64 0 1 0 0 1 0 0 0 0 0 0 0 0 0 24 1.5 45.9 55.0 3.1 0 1 0 0 0 0 0 0 0 0 0 0 1 0 0 0 0 0 0 0 1 0 0 0 1 0 0 0 0 0 0 0 0 0 0
0 66 0 0 1 0 0 0 0 0 0 1 0 0 0 0 29 1.57 60.5 74.1 3.27 0 1 0 0 0 0 0 0 0 0 0 1 0 0 0 0 1 0 1 0 0 0 0 0 1 0 0 0 0 0 0 0 0 0 0
0 74 0 0 1 0 0 0 0 0 0 1 0 0 0 0 24 1.5 50.0 63.6 2.76 1 0 0 0 0 0 0 0 0 1 0 0 0 0 0 0 1 0 0 0 0 1 0 0 0 0 0 0 0 0 0 0 0 0 0
0 75 0 0 1 0 0 0 0 0 0 1 0 0 0 0 26 1.65 55.5 67.3 4.15 0 0 1 0 0 0 0 0 0 0 0 0 1 0 0 0 1 0 1 0 0 1 0 1 0 1 1 0 0 0 0 0 1 0 0
0 76 0 1 0 0 1 0 0 0 0 0 0 0 0 0 26 1.73 57.3 65.5 3.07 0 1 0 0 0 0 0 0 0 0 1 0 0 0 0 0 0 0 0 0 0 0 1 0 0 0 0 0 0 0 0 0 0 0 0
0 78 0 0 0 1 1 0 0 0 0 0 0 0 0 0 28 1.65 57.3 82.7 3.89 1 0 0 0 0 0 0 0 0 1 0 0 0 0 0 0 1 0 0 1 0 1 1 0 0 1 1 0 0 0 0 0 1 1 0
0 80 0 0 1 0 0 0 0 0 0 0 0 1 0 0 29 1.55 75.5 78.6 2.61 1 0 0 0 0 0 0 0 0 1 0 0 0 0 0 0 0 0 0 1 0 1 0 1 0 0 0 0 0 0 0 1 0 0 0
1 81 0 1 0 0 0 0 0 0 0 0 0 1 0 0 23 1.65 47.7 51.8 2.84 0 1 0 0 0 0 0 0 0 0 0 1 0 0 0 0 1 0 0 0 0 0 0 0 1 0 1 0 0 0 0 0 1 0 0
1 82 0 0 0 1 0 0 0 0 0 0 0 0 1 0 19 1.7 57.3 74.5 3.69 0 0 1 0 0 0 0 0 0 0 1 0 0 0 1 1 1 0 1 0 0 0 1 0 0 1 0 0 0 0 0 0 0 0 0
0 85 0 1 0 0 1 0 0 0 0 0 0 0 0 0 24 1.7 60.0 65.0 3.18 1 0 0 0 0 0 0 0 0 1 0 0 0 0 0 0 0 0 0 0 0 1 0 0 0 0 0 0 0 0 0 0 0 0 0
0 87 0 0 1 0 0 0 0 0 0 1 0 0 0 0 25 1.65 50.5 60.9 3.35 0 1 0 0 0 0 0 0 0 0 1 0 0 0 0 0 1 0 0 0 0 0 0 1 0 0 0 0 0 0 0 0 0 0 0
0 90 0 1 0 0 1 0 0 0 0 0 0 0 0 0 31 1.52 52.3 53.2 2.39 0 0 1 0 0 0 0 0 0 0 1 0 0 0 0 0 0 0 0 0 0 0 0 0 0 0 0 0 0 0 0 0 0 0 0
0 91 0 0 1 0 0 0 0 0 0 0 0 1 0 0 21 1.5 63.6 63.6 2.98 0 0 1 0 0 0 0 0 0 0 1 0 0 0 0 0 0 0 0 0 0 0 0 0 0 0 0 0 0 0 0 0 0 0 0
0 92 0 1 0 0 1 0 0 0 0 0 0 0 0 0 27 1.75 68.2 82.7 5.97 1 0 0 0 0 0 0 0 1 0 0 0 0 0 0 0 0 0 0 0 0 1 0 0 0 0 0 0 0 0 0 0 0 0 0
0 96 1 0 0 0 1 0 0 0 0 0 0 0 0 0 20 1.57 60.5 69.5 3.24 1 0 0 0 0 0 0 0 1 0 0 0 0 0 0 0 0 0 0 0 0 0 0 0 0 0 0 0 0 0 0 0 0 0 0
1 98 0 0 1 0 1 0 0 0 0 0 0 0 0 0 26 1.7 80.5 89.1 1.42 1 0 0 0 0 0 0 0 1 0 0 0 0 1 0 0 1 0 0 1 0 1 1 1 1 1 1 0 0 0 0 0 1 0 0
1 100 0 0 1 0 0 0 0 0 1 0 0 0 0 0 26 1.5 43.6 53.6 3.81 1 0 0 0 0 0 0 0 0 1 0 0 0 0 0 0 0 0 0 1 0 0 0 0 0 0 0 0 0 0 0 0 0 1 0
0 101 0 1 0 0 0 0 0 0 0 0 0 0 1 0 21 1.55 54.5 67.3 3.72 1 0 0 0 0 0 0 0 0 1 0 0 0 0 0 0 1 0 1 0 0 0 0 0 0 0 0 0 0 0 0 0 0 1 0
0 102 0 1 0 0 0 0 0 0 0 0 0 1 0 0 18 1.6 62.7 71.4 2.44 0 1 0 0 0 0 0 0 1 0 0 0 0 0 0 0 0 0 0 0 0 0 0 0 0 0 0 0 0 0 0 0 0 0 0
0 108 0 0 1 0 0 0 0 0 0 0 1 0 0 0 22 1.68 47.7 53.6 3.01 0 0 0 1 0 0 0 0 0 0 0 1 0 0 0 0 1 0 0 0 0 0 1 0 0 0 0 0 0 0 0 0 1 0 0
0 112 1 0 0 0 0 1 0 0 0 0 0 0 0 0 19 1.57 51.8 71.8 3.35 1 0 0 0 0 0 0 0 1 0 0 0 0 0 0 0 0 0 0 0 0 0 0 0 0 0 0 0 0 0 0 0 0 0 0
0 113 0 1 0 0 1 0 0 0 0 0 0 0 0 0 21 1.6 76.4 78.2 3.07 1 0 0 0 0 0 0 0 0 1 0 0 0 0 0 0 0 0 0 0 0 0 0 0 0 0 0 0 0 0 0 0 0 0 0
1 115 0 0 1 0 0 0 0 0 0 0 0 1 0 0 20 1.6 54.1 68.2 3.58 1 0 0 0 0 0 0 0 0 1 0 0 0 0 0 0 1 0 0 0 1 0 0 0 1 0 1 0 0 0 0 0 0 1 0
0 116 0 1 0 0 0 0 0 0 1 0 0 0 0 0 19 1.65 57.3 70.0 2.61 0 1 0 0 0 0 0 0 0 1 0 0 0 0 0 1 0 0 0 0 0 0 0 0 0 0 0 0 0 0 0 0 0 0 0
0 117 0 0 1 0 0 0 0 0 0 0 0 0 1 0 30 1.5 53.2 66.4 3.98 0 1 0 0 0 0 0 0 0 0 0 1 0 0 0 1 0 0 1 0 0 0 1 0 1 0 0 0 0 0 0 0 1 0 0
0 118 0 1 0 0 1 0 0 0 0 0 0 0 0 0 26 1.6 57.3 65.9 3.89 1 0 0 0 0 0 0 0 1 0 0 0 0 0 0 0 0 0 0 0 0 0 0 0 0 0 0 0 0 0 0 0 0 0 1
0 119 0 1 0 0 1 0 0 0 0 0 0 0 0 0 24 1.57 60.5 74.5 3.24 1 0 0 0 0 0 0 0 0 1 0 0 0 0 0 0 0 0 0 0 0 0 0 0 0 0 0 0 0 0 0 0 0 0 0
1 120 0 1 0 0 0 0 0 0 0 0 1 0 0 0 28 1.6 46.8 60.5 2.98 0 1 0 0 0 0 0 0 0 0 0 1 0 0 0 0 0 0 0 1 0 1 0 0 0 0 0 0 0 0 0 0 0 0 0
0 121 1 0 0 0 1 0 0 0 0 0 0 0 0 0 16 1.63 60.5 65.9 3.18 1 0 0 0 0 0 0 0 1 0 0 0 0 0 0 0 0 0 0 0 0 0 0 0 0 0 0 0 0 0 0 0 0 0 0
0 122 0 1 0 0 1 0 0 0 0 0 0 0 0 0 29 1.63 54.5 67.3 3.58 1 0 0 0 0 0 0 0 0 1 0 0 0 0 0 0 0 0 0 0 0 0 0 0 0 0 0 0 0 0 0 0 0 0 0
1 123 0 0 0 1 0 0 0 0 0 0 1 0 0 0 25 1.57 59.1 69.5 3.89 0 1 0 0 0 0 0 0 0 0 1 0 0 0 0 0 0 0 0 1 0 1 0 1 0 0 0 0 0 0 0 1 1 0 0
0 127 0 1 0 0 1 0 0 0 0 0 0 0 0 0 20 1.63 58.6 70.0 2.84 0 1 0 0 0 0 0 0 0 1 0 0 0 0 0 0 0 0 1 0 0 0 0 0 0 0 0 0 0 0 0 0 0 0 0
0 128 0 0 1 0 0 0 1 0 0 0 0 0 0 0 25 1.68 54.5 71.8 3.72 1 0 0 0 0 0 0 0 0 1 0 0 0 0 0 0 1 0 0 1 0 0 0 1 1 0 1 0 0 0 0 0 0 0 0
0 129 0 1 0 0 0 0 0 1 0 0 0 0 0 0 24 1.63 61.8 73.6 2.84 1 0 0 0 0 0 0 0 0 1 0 0 0 0 0 0 0 0 0 1 0 0 0 0 0 0 0 0 0 0 0 0 1 1 1
0 132 0 0 0 1 0 0 0 0 1 0 0 0 0 0 25 1.63 79.5 90.5 3.15 1 0 0 0 0 0 0 0 0 1 0 0 0 0 0 0 0 0 0 0 0 0 0 0 0 0 0 0 0 0 0 0 0 0 1
0 144 0 0 1 0 0 0 0 0 0 0 0 1 0 0 26 1.57 52.7 65.9 3.49 1 0 0 0 0 0 0 0 0 1 0 0 0 0 0 0 1 0 0 1 0 1 0 0 0 0 1 0 0 0 0 0 0 0 0
0 145 0 1 0 0 0 0 0 0 0 0 0 1 0 0 21 1.55 52.3 65.0 3.47 1 0 0 0 0 0 0 0 0 1 0 0 0 0 0 0 0 0 0 1 0 0 0 0 0 0 0 0 0 0 0 0 1 0 0
0 146 0 0 1 0 0 0 0 0 1 0 0 0 0 0 21 1.52 50.9 68.2 3.64 1 0 0 0 0 0 0 0 0 1 0 0 0 0 0 0 0 0 0 1 0 0 0 0 1 0 1 0 0 0 0 0 1 0 0
0 147 0 1 0 0 0 0 0 0 0 1 0 0 0 0 21 1.68 66.8 87.3 2.9 1 0 0 0 0 0 0 0 0 1 0 0 0 0 0 0 0 0 1 1 0 0 1 1 1 0 1 0 0 0 0 0 0 0 0
1 149 0 1 0 0 0 0 0 0 0 0 0 0 1 0 21 1.55 53.2 56.4 2.44 1 0 0 0 0 0 0 0 0 1 0 0 0 0 0 0 0 0 0 1 0 0 0 0 0 0 0 0 0 0 0 0 0 0 0
0 150 0 0 1 0 0 0 0 0 0 0 0 1 0 0 22 1.47 44.5 58.2 2.87 1 0 0 0 0 0 0 0 0 1 0 0 0 0 0 0 1 0 0 0 0 0 0 0 1 0 1 0 0 0 0 1 0 0 0
0 153 0 1 0 0 1 0 0 0 0 0 0 0 0 0 24 1.57 60.0 72.7 3.35 1 0 0 0 0 0 0 0 0 1 0 0 0 0 0 0 0 0 0 0 0 0 0 0 0 0 0 0 0 0 0 0 0 0 0
0 157 0 0 0 1 0 0 0 0 0 0 0 0 1 0 27 1.55 60.5 73.2 3.98 1 0 0 0 0 0 0 0 0 1 0 0 0 0 0 1 0 0 0 0 0 0 1 0 0 0 0 0 0 0 0 0 0 0 0
0 158 0 0 0 1 0 0 1 0 0 0 0 0 0 0 35 1.73 72.3 89.1 6.28 0 0 0 1 0 0 0 0 0 0 0 1 0 1 0 0 1 0 0 0 0 0 0 1 0 0 0 0 0 0 0 0 0 1 0
0 160 0 1 0 0 1 0 0 0 0 0 0 0 0 0 35 1.55 52.3 59.1 3.64 1 0 0 0 0 0 0 0 0 1 0 0 0 0 0 0 0 0 0 1 0 0 1 0 0 0 0 0 0 0 0 0 0 0 0
0 161 0 1 0 0 1 0 0 0 0 0 0 0 0 0 21 1.52 59.1 67.3 2.95 1 0 0 0 0 0 0 0 0 1 0 0 0 0 0 0 0 0 0 0 0 0 0 0 0 0 0 0 0 0 0 0 0 0 0
1 162 0 0 0 1 0 0 0 0 0 0 0 1 0 0 21 1.68 54.1 74.5 3.72 0 1 0 0 0 0 0 0 0 0 1 0 0 0 0 0 0 0 0 1 0 1 1 1 1 0 1 0 0 0 0 0 1 0 0
0 164 0 1 0 0 1 0 0 0 0 0 0 0 0 0 32 1.73 54.5 62.7 3.41 0 1 0 0 0 0 0 0 0 0 0 1 0 0 0 0 1 0 0 1 0 1 0 0 0 0 0 0 0 0 0 0 1 0 0
0 165 0 0 0 1 0 0 0 0 0 0 0 0 1 0 15 1.55 48.2 56.4 2.7 1 0 0 0 0 0 0 0 0 1 0 0 0 1 0 0 0 0 1 0 0 1 0 0 0 0 0 0 0 0 0 0 0 0 0
0 166 0 0 1 0 0 0 0 0 0 0 1 0 0 0 23 1.57 60.5 100.0 3.58 1 0 0 0 0 0 0 0 0 1 0 0 0 0 0 0 1 0 0 0 0 1 0 0 0 0 0 0 0 0 0 0 0 0 0
0 169 0 0 1 0 0 0 0 0 0 1 0 0 0 0 22 1.5 53.6 63.2 3.35 1 0 0 0 0 0 0 0 0 1 0 0 0 0 0 0 1 1 0 0 0 0 0 0 0 0 0 0 0 0 0 0 0 1 0
0 171 0 1 0 0 1 0 0 0 0 0 0 0 0 0 23 1.68 57.3 61.4 3.58 1 0 0 0 0 0 0 0 0 1 0 0 0 0 0 0 0 0 0 0 0 0 0 0 0 0 0 0 0 0 0 0 0 0 0
0 172 0 0 0 1 1 0 0 0 0 0 0 0 0 0 36 1.63 54.1 60.0 2.84 1 0 0 0 0 0 0 0 0 1 0 0 0 0 1 0 0 0 0 0 0 1 0 0 0 0 0 0 0 0 0 0 1 0 1
0 173 1 0 0 0 1 0 0 0 0 0 0 0 0 0 21 1.55 50.9 63.6 3.01 1 0 0 0 0 0 0 0 0 1 0 0 0 0 0 0 0 0 0 0 0 0 0 0 0 0 0 0 0 0 0 0 0 0 0
0 176 0 1 0 0 1 0 0 0 0 0 0 0 0 0 34 1.63 50.9 60.5 2.93 1 0 0 0 0 0 0 0 0 1 0 0 0 0 0 0 0 1 0 0 0 0 0 0 0 0 0 0 0 0 0 0 0 1 0
0 177 0 0 0 1 0 0 0 1 0 0 0 0 0 0 26 1.63 66.8 84.1 3.1 0 1 0 0 0 0 0 0 0 0 0 1 0 0 0 0 1 0 0 0 0 0 1 0 0 0 0 0 0 0 0 0 1 1 0
0 180 0 1 0 0 1 0 0 0 0 0 0 0 0 0 25 1.52 52.3 66.8 3.24 0 1 0 0 0 0 0 0 0 0 1 0 0 0 0 0 0 0 0 0 0 0 0 0 0 1 0 0 0 0 0 1 0 0 0
