0 1 0 0 0 0 0 0 1027 30 100078 167.0 91 25.6 114
0 1 0 0 0 0 0 0 979 42 90078 440.0 13 20.2 79
0 1 0 0 0 0 0 0 978 35 90078 129.0 104 18.3 53
0 0 0 0 1 0 0 0 1487 36 110079 144.0 119 24.4 108
0 1 0 0 0 0 0 0 1208 27 40079 285.0 62 36.4 83
0 1 0 0 0 0 0 0 1209 28 40079 124.0 98 32.2 101
0 0 0 1 0 0 0 0 1311 30 70079 40.0 80 12.7 60
0 1 0 0 0 0 0 0 914 38 60078 286.0 17 31.9 89
0 0 1 0 0 0 0 0 1066 43 110078 73.0 7 20.6 60
0 0 1 0 0 0 0 0 951 35 70078 34.0 112 10.4 7
0 0 1 0 0 0 0 0 1203 35 40079 1288.0 70 51.6 115
0 1 0 0 0 0 0 0 929 53 60078 59.0 103 22.2 80
0 1 0 0 0 0 0 0 1202 30 40079 363.0 96 36.0 107
0 1 0 0 0 0 0 0 902 44 60078 28.0 7 22.0 22
0 1 0 0 0 0 0 0 1249 33 50079 57.0 88 8.9 54
0 0 1 0 0 0 0 0 1141 61 20079 80.0 114 15.1 91
1 1 0 0 0 0 0 0 773 27 70078 42.0 51 15.3 37
1 1 0 0 0 0 0 0 938 27 30079 34.0 82 11.8 6
1 1 0 0 0 0 0 0 916 34 30079 73.0 24 7.4 2
1 1 0 0 0 0 0 0 1218 25 70079 35.0 37 8.8 51
1 1 0 0 0 0 0 0 1250 31 70079 40.0 71 6.4 29
1 1 0 0 0 0 0 0 1307 21 110079 26.0 61 16.4 8
1 1 0 0 0 0 0 0 813 31 100078 27.0 93 15.6 39
1 1 0 0 0 0 0 0 782 35 70078 51.0 34 16.6 25
1 1 0 0 0 0 0 0 657 27 100077 22.0 118 10.8 125
1 0 1 0 0 0 0 0 908 23 20079 44.0 69 10.5 33
1 1 0 0 0 0 0 0 1298 22 100079 35.0 26 11.3 13
1 1 0 0 0 0 0 0 949 31 50079 35.0 93 15.3 9
1 0 1 0 0 0 0 0 1011 27 60079 37.0 52 3.9 21
1 1 0 0 0 0 0 0 1295 22 100079 32.0 60 5.8 54
1 1 0 0 0 0 0 0 675 38 120077 45.0 14 13.7 125
1 1 0 0 0 0 0 0 899 32 20079 56.0 39 9.9 72
1 1 0 0 0 0 0 0 1017 20 60079 40.0 68 6.1 39
1 1 0 0 0 0 0 0 776 22 70078 21.0 45 12.2 37
1 1 0 0 0 0 0 0 1261 37 70079 38.0 78 21.6 58
1 0 1 0 0 0 0 0 1254 28 70079 32.0 49 5.6 33
1 0 1 0 0 0 0 0 1015 30 60079 33.0 81 3.8 28
1 0 0 1 0 0 0 0 1021 32 60079 52.0 59 10.7 52
1 1 0 0 0 0 0 0 811 37 100078 97.5 21 12.0 61
1 1 0 0 0 0 0 0 770 25 60078 37.0 115 11.7 47
1 1 0 0 0 0 0 0 798 34 90078 24.0 2 14.0 75
