0 1 0 0 0 0 0 0 1327 59 80079 58.0 89 11.0 88
0 0 1 0 0 0 0 0 1290 36 60079 104.0 87 16.7 86
0 1 0 0 0 0 0 0 1193 29 40079 265.0 75 16.1 18
0 0 0 1 0 0 0 0 1311 30 70079 40.0 80 12.7 60
0 0 0 1 0 0 0 0 1266 32 50079 485.0 75 73.0 116
0 1 0 0 0 0 0 0 914 38 60078 286.0 17 31.9 89
0 0 1 0 0 0 0 0 1124 39 10079 388.0 95 41.6 62
0 0 0 1 0 0 0 0 1531 36 10080 55.0 119 20.7 91
0 0 0 1 0 0 0 0 1538 59 10080 25.0 119 9.2 106
0 1 0 0 0 0 0 0 1354 30 80079 57.0 9 12.9 30
0 1 0 0 0 0 0 0 911 35 60078 48.0 115 16.4 77
0 0 1 0 0 0 0 0 951 35 70078 34.0 112 10.4 7
0 1 0 0 0 0 0 0 1358 44 90079 109.0 68 25.3 72
0 1 0 0 0 0 0 0 929 53 60078 59.0 103 22.2 80
0 0 1 0 0 0 0 0 1236 54 40079 69.0 100 20.9 82
0 0 1 0 0 0 0 0 1008 40 90078 125.0 94 19.4 119
0 1 0 0 0 0 0 0 1249 33 50079 57.0 88 8.9 54
1 1 0 0 0 0 0 0 987 30 50079 24.0 57 9.6 29
1 1 0 0 0 0 0 0 906 26 20079 130.0 65 17.1 66
1 0 0 0 1 0 0 0 671 25 100077 41.0 86 15.0 125
1 1 0 0 0 0 0 0 948 28 40079 59.0 88 9.9 11
1 0 1 0 0 0 0 0 1249 34 70079 87.0 49 6.0 122
1 0 1 0 0 0 0 0 1016 27 60079 22.0 76 2.8 24
1 1 0 0 0 0 0 0 774 26 70078 30.0 48 17.1 24
1 0 0 1 0 0 0 0 1255 26 70079 34.0 54 8.0 20
1 1 0 0 0 0 0 0 813 31 100078 27.0 93 15.6 39
1 1 0 0 0 0 0 0 804 27 90078 50.0 32 15.1 34
1 1 0 0 0 0 0 0 657 27 100077 22.0 118 10.8 125
1 1 0 0 0 0 0 0 673 26 120077 28.0 107 7.0 125
1 1 0 0 0 0 0 0 790 22 80078 34.0 76 12.0 45
1 0 1 0 0 0 0 0 824 33 110078 25.0 58 12.2 10
1 1 0 0 0 0 0 0 1292 20 100079 53.0 105 22.3 112
1 1 0 0 0 0 0 0 768 26 60078 51.0 70 12.9 28
1 1 0 0 0 0 0 0 763 22 60078 51.0 95 12.7 28
1 1 0 0 0 0 0 0 1017 20 60079 40.0 68 6.1 39
1 1 0 0 0 0 0 0 901 25 20078 95.0 33 7.3 41
1 1 0 0 0 0 0 0 929 27 30079 27.0 85 12.5 124
1 0 1 0 0 0 0 0 1254 28 70079 32.0 49 5.6 33
1 0 0 1 0 0 0 0 1021 32 60079 52.0 59 10.7 52
1 1 0 0 0 0 0 0 764 25 60078 37.0 103 15.3 39
1 1 0 0 0 0 0 0 811 37 100078 97.5 21 12.0 61
