0 1 0 0 0 0 0 0 1027 30 100078 167.0 91 25.6 114
0 1 0 0 0 0 0 0 1324 22 80079 30.0 14 8.8 98
0 0 1 0 0 0 0 0 1332 22 80079 44.0 7 17.4 43
0 1 0 0 0 0 0 0 966 20 100078 65.0 84 23.8 58
0 1 0 0 0 0 0 0 979 42 90078 440.0 13 20.2 79
0 1 0 0 0 0 0 0 978 35 90078 129.0 104 18.3 53
0 0 0 1 0 0 0 0 1139 35 20079 122.0 90 21.6 92
0 0 0 0 1 0 0 0 1487 36 110079 144.0 119 24.4 108
0 1 0 0 0 0 0 0 1193 29 40079 265.0 75 16.1 18
0 1 0 0 0 0 0 0 1208 27 40079 285.0 62 36.4 83
0 0 1 0 0 0 0 0 1395 27 90079 25.0 95 49.1 65
0 0 1 0 0 0 0 0 1153 30 20079 46.0 37 16.9 57
0 0 0 0 1 0 0 0 1325 30 80079 41.0 93 9.7 109
0 0 0 0 0 1 0 0 1536 31 10080 45.0 119 13.8 69
0 0 1 0 0 0 0 0 1156 32 20079 465.0 83 63.7 117
0 1 0 0 0 0 0 0 914 38 60078 286.0 17 31.9 89
0 0 1 0 0 0 0 0 1124 39 10079 388.0 95 41.6 62
0 1 0 0 0 0 0 0 913 34 60078 73.0 11 17.0 99
0 0 1 0 0 0 0 0 1223 35 40079 36.0 102 22.0 104
0 0 0 1 0 0 0 0 1531 36 10080 55.0 119 20.7 91
0 0 1 0 0 0 0 0 1155 58 20079 34.0 116 19.9 102
0 0 1 0 0 0 0 0 1066 43 110078 73.0 7 20.6 60
0 1 0 0 0 0 0 0 1168 29 30079 69.0 18 16.0 45
0 1 0 0 0 0 0 0 911 35 60078 48.0 115 16.4 77
0 0 0 1 0 0 0 0 1009 35 90078 42.0 1 17.1 50
0 1 0 0 0 0 0 0 1358 44 90079 109.0 68 25.3 72
0 0 1 0 0 0 0 0 1203 35 40079 1288.0 70 51.6 115
0 0 1 0 0 0 0 0 1236 54 40079 69.0 100 20.9 82
0 1 0 0 0 0 0 0 1173 41 30079 99.0 105 18.6 31
0 1 0 0 0 0 0 0 1303 59 60079 560.0 12 21.0 111
0 1 0 0 0 0 0 0 956 31 80078 85.0 108 20.1 58
0 0 1 0 0 0 0 0 1253 32 50079 79.0 119 9.0 19
0 1 0 0 0 0 0 0 953 52 60078 197.0 97 25.2 78
0 0 1 0 0 0 0 0 1306 39 60079 228.0 7 10.2 78
0 1 0 0 0 0 0 0 1249 33 50079 57.0 88 8.9 54
0 1 0 0 0 0 0 0 1305 48 60079 115.0 59 14.2 87
1 1 0 0 0 0 0 0 1306 22 110079 30.0 7 22.6 74
1 1 0 0 0 0 0 0 825 30 110078 22.0 95 17.5 58
1 1 0 0 0 0 0 0 1296 25 100079 42.0 28 13.3 68
1 0 0 0 1 0 0 0 671 25 100077 41.0 86 15.0 125
1 1 0 0 0 0 0 0 818 26 100078 47.0 22 14.6 14
1 0 0 1 0 0 0 0 1253 27 70079 24.0 25 5.6 13
1 1 0 0 0 0 0 0 941 31 40079 34.0 101 7.9 20
1 0 1 0 0 0 0 0 1287 31 90079 38.0 111 12.6 32
1 0 1 0 0 0 0 0 1259 28 80079 75.0 68 10.1 47
1 0 0 1 0 0 0 0 1289 28 90079 72.0 29 16.4 31
1 1 0 0 0 0 0 0 773 27 70078 42.0 51 15.3 37
1 0 1 0 0 0 0 0 934 27 30079 30.0 64 8.1 0
1 0 0 1 0 0 0 0 1022 28 60079 24.0 84 3.5 15
1 1 0 0 0 0 0 0 801 24 90078 26.0 77 20.7 24
1 1 0 0 0 0 0 0 938 27 30079 34.0 82 11.8 6
1 1 0 0 0 0 0 0 916 34 30079 73.0 24 7.4 2
1 0 1 0 0 0 0 0 1249 34 70079 87.0 49 6.0 122
1 1 0 0 0 0 0 0 1218 25 70079 35.0 37 8.8 51
1 1 0 0 0 0 0 0 779 20 70078 31.0 27 9.9 43
1 1 0 0 0 0 0 0 990 20 50079 62.0 68 10.2 48
1 1 0 0 0 0 0 0 1001 31 60079 48.0 59 16.8 49
1 1 0 0 0 0 0 0 1248 26 70079 32.0 44 8.6 26
1 1 0 0 0 0 0 0 1307 21 110079 26.0 61 16.4 8
1 1 0 0 0 0 0 0 769 27 60078 25.0 95 10.3 17
1 0 1 0 0 0 0 0 1016 27 60079 22.0 76 2.8 24
1 1 0 0 0 0 0 0 774 26 70078 30.0 48 17.1 24
1 0 0 1 0 0 0 0 1255 26 70079 34.0 54 8.0 20
1 0 1 0 0 0 0 0 920 31 30079 22.0 38 11.8 123
1 0 0 1 0 0 0 0 1012 31 60079 22.0 43 5.1 50
1 1 0 0 0 0 0 0 1285 25 90079 72.0 67 12.0 71
1 0 1 0 0 0 0 0 909 36 20079 30.0 30 15.3 9
1 0 0 1 0 0 0 0 1247 36 70079 23.0 29 4.4 22
1 1 0 0 0 0 0 0 943 33 40079 67.0 115 9.3 71
1 0 1 0 0 0 0 0 942 27 30079 92.0 31 16.5 4
1 1 0 0 0 0 0 0 790 22 80078 34.0 76 12.0 45
1 0 1 0 0 0 0 0 908 23 20079 44.0 69 10.5 33
1 0 0 1 0 0 0 0 1244 25 70079 32.0 83 6.7 28
1 1 0 0 0 0 0 0 791 33 80078 31.0 47 13.7 34
1 1 0 0 0 0 0 0 819 30 100078 34.0 46 15.4 42
1 1 0 0 0 0 0 0 1292 20 100079 53.0 105 22.3 112
1 1 0 0 0 0 0 0 914 30 20079 69.0 30 8.7 5
1 1 0 0 0 0 0 0 1281 35 80079 21.0 15 9.8 27
1 0 1 0 0 0 0 0 910 25 20079 30.0 51 16.2 9
1 0 0 1 0 0 0 0 1245 26 70079 34.0 69 9.7 32
1 1 0 0 0 0 0 0 802 20 90078 22.0 4 10.3 47
1 1 0 0 0 0 0 0 781 22 70078 20.0 39 11.9 3
1 1 0 0 0 0 0 0 1290 24 90079 25.0 98 14.0 38
1 1 0 0 0 0 0 0 831 38 120078 26.0 16 8.9 37
1 0 0 1 0 0 0 0 919 39 30079 21.0 99 10.3 57
1 0 0 0 1 0 0 0 927 39 30079 23.0 19 10.0 16
1 0 0 0 0 1 0 0 940 39 40079 26.0 100 12.3 56
1 0 1 0 0 0 0 0 1303 34 100079 48.0 74 13.7 73
1 1 0 0 0 0 0 0 926 39 30079 18.0 110 11.3 121
1 1 0 0 0 0 0 0 1310 33 110079 41.0 11 15.1 84
1 1 0 0 0 0 0 0 1017 20 60079 40.0 68 6.1 39
1 1 0 0 0 0 0 0 901 25 20078 95.0 33 7.3 41
1 0 1 0 0 0 0 0 1009 25 60079 59.0 40 10.7 105
1 1 0 0 0 0 0 0 913 36 20079 40.0 41 7.0 14
1 1 0 0 0 0 0 0 767 22 60078 48.0 48 16.6 16
1 1 0 0 0 0 0 0 1019 39 60079 39.0 90 7.6 40
1 1 0 0 0 0 0 0 929 27 30079 27.0 85 12.5 124
1 0 1 0 0 0 0 0 1254 28 70079 32.0 49 5.6 33
1 1 0 0 0 0 0 0 777 31 70078 34.0 67 11.1 28
1 0 1 0 0 0 0 0 904 31 20079 45.0 83 10.8 41
1 1 0 0 0 0 0 0 764 25 60078 37.0 103 15.3 39
1 1 0 0 0 0 0 0 811 37 100078 97.5 21 12.0 61
1 1 0 0 0 0 0 0 785 25 70078 37.0 115 16.4 58
1 0 1 0 0 0 0 0 682 24 100077 26.0 109 11.7 125
