0 1 0 0 0 0 0 0 1027 30 100078 167.0 91 25.6 114
0 1 0 0 0 0 0 0 966 20 100078 65.0 84 23.8 58
0 1 0 0 0 0 0 0 978 35 90078 129.0 104 18.3 53
0 0 1 0 0 0 0 0 1290 36 60079 104.0 87 16.7 86
0 0 0 1 0 0 0 0 1139 35 20079 122.0 90 21.6 92
0 1 0 0 0 0 0 0 1193 29 40079 265.0 75 16.1 18
0 0 1 0 0 0 0 0 1513 30 120079 510.0 119 60.2 94
0 1 0 0 0 0 0 0 1208 27 40079 285.0 62 36.4 83
0 1 0 0 0 0 0 0 1209 28 40079 124.0 98 32.2 101
0 0 0 1 0 0 0 0 1311 30 70079 40.0 80 12.7 60
0 0 0 0 1 0 0 0 1325 30 80079 41.0 93 9.7 109
0 1 0 0 0 0 0 0 923 31 60078 657.0 7 110.0 113
0 0 0 0 1 0 0 0 1496 32 120079 610.0 119 111.7 120
0 1 0 0 0 0 0 0 914 38 60078 286.0 17 31.9 89
0 0 1 0 0 0 0 0 1223 35 40079 36.0 102 22.0 104
0 0 0 1 0 0 0 0 1531 36 10080 55.0 119 20.7 91
0 1 0 0 0 0 0 0 970 58 80078 19.0 2 10.9 56
0 1 0 0 0 0 0 0 1109 38 10079 113.0 113 18.8 68
0 0 1 0 0 0 0 0 951 35 70078 34.0 112 10.4 7
0 0 0 1 0 0 0 0 1009 35 90078 42.0 1 17.1 50
0 0 1 0 0 0 0 0 1203 35 40079 1288.0 70 51.6 115
0 0 0 1 0 0 0 0 1381 36 90079 325.0 49 33.9 118
0 1 0 0 0 0 0 0 1202 30 40079 363.0 96 36.0 107
0 1 0 0 0 0 0 0 1050 35 110078 37.0 76 12.8 31
0 1 0 0 0 0 0 0 1289 53 60079 101.0 53 11.7 97
0 1 0 0 0 0 0 0 1173 41 30079 99.0 105 18.6 31
0 0 0 1 0 0 0 0 1328 42 80079 52.0 106 11.2 94
0 1 0 0 0 0 0 0 1303 59 60079 560.0 12 21.0 111
0 0 0 1 0 0 0 0 1302 32 60079 72.0 88 8.3 38
0 1 0 0 0 0 0 0 953 52 60078 197.0 97 25.2 78
0 0 1 0 0 0 0 0 1163 52 30078 242.0 80 16.6 40
0 1 0 0 0 0 0 0 1030 39 100078 154.0 6 21.3 100
0 0 1 0 0 0 0 0 1306 39 60079 228.0 7 10.2 78
0 0 0 1 0 0 0 0 1493 40 120079 123.0 119 25.4 95
0 1 0 0 0 0 0 0 1323 43 80079 80.0 94 12.1 93
0 1 0 0 0 0 0 0 902 44 60078 28.0 7 22.0 22
0 1 0 0 0 0 0 0 1249 33 50079 57.0 88 8.9 54
0 1 0 0 0 0 0 0 984 61 90078 100.0 3 11.8 103
0 1 0 0 0 0 0 0 1305 48 60079 115.0 59 14.2 87
1 1 0 0 0 0 0 0 1007 22 60079 52.0 75 10.9 46
1 1 0 0 0 0 0 0 786 32 80078 20.0 51 11.0 59
1 1 0 0 0 0 0 0 778 36 70078 28.0 83 13.2 42
1 1 0 0 0 0 0 0 1306 22 110079 30.0 7 22.6 74
1 1 0 0 0 0 0 0 895 23 10078 40.0 74 15.2 63
1 1 0 0 0 0 0 0 987 30 50079 24.0 57 9.6 29
1 1 0 0 0 0 0 0 1296 25 100079 42.0 28 13.3 68
1 1 0 0 0 0 0 0 906 26 20079 130.0 65 17.1 66
1 1 0 0 0 0 0 0 818 26 100078 47.0 22 14.6 14
1 0 1 0 0 0 0 0 921 27 30079 36.0 23 18.2 1
1 0 0 1 0 0 0 0 1253 27 70079 24.0 25 5.6 13
1 0 1 0 0 0 0 0 1287 31 90079 38.0 111 12.6 32
1 1 0 0 0 0 0 0 1301 35 100079 40.0 8 16.1 65
1 0 1 0 0 0 0 0 1259 28 80079 75.0 68 10.1 47
1 1 0 0 0 0 0 0 773 27 70078 42.0 51 15.3 37
1 0 1 0 0 0 0 0 934 27 30079 30.0 64 8.1 0
1 0 0 1 0 0 0 0 1022 28 60079 24.0 84 3.5 15
1 1 0 0 0 0 0 0 667 31 110077 29.0 108 11.8 125
1 1 0 0 0 0 0 0 801 24 90078 26.0 77 20.7 24
1 1 0 0 0 0 0 0 916 34 30079 73.0 24 7.4 2
1 0 1 0 0 0 0 0 1249 34 70079 87.0 49 6.0 122
1 1 0 0 0 0 0 0 1218 25 70079 35.0 37 8.8 51
1 1 0 0 0 0 0 0 779 20 70078 31.0 27 9.9 43
1 1 0 0 0 0 0 0 990 20 50079 62.0 68 10.2 48
1 1 0 0 0 0 0 0 1001 31 60079 48.0 59 16.8 49
1 1 0 0 0 0 0 0 1250 31 70079 40.0 71 6.4 29
1 1 0 0 0 0 0 0 1248 26 70079 32.0 44 8.6 26
1 0 1 0 0 0 0 0 1016 27 60079 22.0 76 2.8 24
1 0 1 0 0 0 0 0 917 26 30079 35.0 50 10.9 1
1 0 0 1 0 0 0 0 1255 26 70079 34.0 54 8.0 20
1 1 0 0 0 0 0 0 813 31 100078 27.0 93 15.6 39
1 0 0 1 0 0 0 0 1012 31 60079 22.0 43 5.1 50
1 1 0 0 0 0 0 0 1285 25 90079 72.0 67 12.0 71
1 0 1 0 0 0 0 0 942 27 30079 92.0 31 16.5 4
1 1 0 0 0 0 0 0 1305 36 100079 55.0 55 21.8 53
1 1 0 0 0 0 0 0 765 25 60078 38.0 70 15.8 35
1 1 0 0 0 0 0 0 918 33 30079 27.0 0 10.3 41
1 0 1 0 0 0 0 0 908 23 20079 44.0 69 10.5 33
1 1 0 0 0 0 0 0 1292 20 100079 53.0 105 22.3 112
1 1 0 0 0 0 0 0 914 30 20079 69.0 30 8.7 5
1 1 0 0 0 0 0 0 989 27 50079 24.0 92 16.1 46
1 1 0 0 0 0 0 0 1281 35 80079 21.0 15 9.8 27
1 1 0 0 0 0 0 0 771 24 70078 24.0 70 14.2 8
1 1 0 0 0 0 0 0 762 22 60078 34.0 95 14.5 23
1 1 0 0 0 0 0 0 831 38 120078 26.0 16 8.9 37
1 0 1 0 0 0 0 0 896 39 10079 28.0 5 17.1 25
1 0 0 0 0 1 0 0 940 39 40079 26.0 100 12.3 56
1 0 0 0 0 0 1 0 947 39 40079 25.0 117 10.0 44
1 1 0 0 0 0 0 0 763 22 60078 51.0 95 12.7 28
1 1 0 0 0 0 0 0 926 39 30079 18.0 110 11.3 121
1 1 0 0 0 0 0 0 776 22 70078 21.0 45 12.2 37
1 1 0 0 0 0 0 0 901 25 20078 95.0 33 7.3 41
1 0 1 0 0 0 0 0 1009 25 60079 59.0 40 10.7 105
1 1 0 0 0 0 0 0 913 36 20079 40.0 41 7.0 14
1 0 1 0 0 0 0 0 1260 36 80079 30.0 62 11.9 13
1 1 0 0 0 0 0 0 1019 39 60079 39.0 90 7.6 40
1 1 0 0 0 0 0 0 1261 37 70079 38.0 78 21.6 58
1 1 0 0 0 0 0 0 777 31 70078 34.0 67 11.1 28
1 1 0 0 0 0 0 0 764 25 60078 37.0 103 15.3 39
1 0 1 0 0 0 0 0 907 26 20079 44.0 69 15.3 38
1 1 0 0 0 0 0 0 811 37 100078 97.5 21 12.0 61
1 0 1 0 0 0 0 0 1217 25 70079 34.0 98 12.1 69
1 1 0 0 0 0 0 0 942 32 40079 41.0 56 10.9 55
1 0 1 0 0 0 0 0 1024 32 60079 43.0 87 6.0 18
1 0 1 0 0 0 0 0 1258 33 70079 30.0 78 11.4 46
