0 1 0 0 0 0 0 0 1027 30 100078 167.0 91 25.6 114
0 1 0 0 0 0 0 0 979 42 90078 440.0 13 20.2 79
0 1 0 0 0 0 0 0 1327 59 80079 58.0 89 11.0 88
0 1 0 0 0 0 0 0 978 35 90078 129.0 104 18.3 53
0 0 0 0 1 0 0 0 1487 36 110079 144.0 119 24.4 108
0 0 1 0 0 0 0 0 1513 30 120079 510.0 119 60.2 94
0 0 1 0 0 0 0 0 1395 27 90079 25.0 95 49.1 65
0 1 0 0 0 0 0 0 1209 28 40079 124.0 98 32.2 101
0 0 1 0 0 0 0 0 1153 30 20079 46.0 37 16.9 57
0 0 0 1 0 0 0 0 1311 30 70079 40.0 80 12.7 60
0 0 0 0 0 1 0 0 1536 31 10080 45.0 119 13.8 69
0 1 0 0 0 0 0 0 923 31 60078 657.0 7 110.0 113
0 0 1 0 0 0 0 0 1156 32 20079 465.0 83 63.7 117
0 0 0 0 1 0 0 0 1496 32 120079 610.0 119 111.7 120
0 1 0 0 0 0 0 0 914 38 60078 286.0 17 31.9 89
0 0 1 0 0 0 0 0 1223 35 40079 36.0 102 22.0 104
0 0 0 1 0 0 0 0 1531 36 10080 55.0 119 20.7 91
0 0 0 1 0 0 0 0 1538 59 10080 25.0 119 9.2 106
0 1 0 0 0 0 0 0 1354 30 80079 57.0 9 12.9 30
0 1 0 0 0 0 0 0 1168 29 30079 69.0 18 16.0 45
0 0 1 0 0 0 0 0 951 35 70078 34.0 112 10.4 7
0 1 0 0 0 0 0 0 1115 35 90079 925.0 68 62.9 96
0 0 1 0 0 0 0 0 1203 35 40079 1288.0 70 51.6 115
0 0 0 1 0 0 0 0 1381 36 90079 325.0 49 33.9 118
0 1 0 0 0 0 0 0 929 53 60078 59.0 103 22.2 80
0 1 0 0 0 0 0 0 1050 35 110078 37.0 76 12.8 31
0 1 0 0 0 0 0 0 1289 53 60079 101.0 53 11.7 97
0 1 0 0 0 0 0 0 1173 41 30079 99.0 105 18.6 31
0 0 1 0 0 0 0 0 1008 40 90078 125.0 94 19.4 119
0 1 0 0 0 0 0 0 1303 59 60079 560.0 12 21.0 111
0 0 1 0 0 0 0 0 1253 32 50079 79.0 119 9.0 19
0 0 0 1 0 0 0 0 1302 32 60079 72.0 88 8.3 38
0 0 1 0 0 0 0 0 1163 52 30078 242.0 80 16.6 40
0 0 0 1 0 0 0 0 1334 53 80079 245.0 92 22.7 93
0 1 0 0 0 0 0 0 1030 39 100078 154.0 6 21.3 100
0 0 0 1 0 0 0 0 1493 40 120079 123.0 119 25.4 95
0 1 0 0 0 0 0 0 1323 43 80079 80.0 94 12.1 93
0 0 1 0 0 0 0 0 1296 45 60079 35.0 82 14.4 50
0 1 0 0 0 0 0 0 955 26 110078 326.0 115 27.1 113
0 0 1 0 0 0 0 0 1307 26 60079 700.0 93 49.1 110
0 1 0 0 0 0 0 0 984 61 90078 100.0 3 11.8 103
0 0 1 0 0 0 0 0 1141 61 20079 80.0 114 15.1 91
0 1 0 0 0 0 0 0 1305 48 60079 115.0 59 14.2 87
1 1 0 0 0 0 0 0 1007 22 60079 52.0 75 10.9 46
1 1 0 0 0 0 0 0 786 32 80078 20.0 51 11.0 59
1 1 0 0 0 0 0 0 778 36 70078 28.0 83 13.2 42
1 1 0 0 0 0 0 0 987 30 50079 24.0 57 9.6 29
1 1 0 0 0 0 0 0 789 27 80078 15.0 84 13.5 76
1 1 0 0 0 0 0 0 818 26 100078 47.0 22 14.6 14
1 0 1 0 0 0 0 0 921 27 30079 36.0 23 18.2 1
1 0 0 1 0 0 0 0 1253 27 70079 24.0 25 5.6 13
1 1 0 0 0 0 0 0 948 28 40079 59.0 88 9.9 11
1 0 0 1 0 0 0 0 1289 28 90079 72.0 29 16.4 31
1 0 1 0 0 0 0 0 934 27 30079 30.0 64 8.1 0
1 1 0 0 0 0 0 0 667 31 110077 29.0 108 11.8 125
1 1 0 0 0 0 0 0 801 24 90078 26.0 77 20.7 24
1 1 0 0 0 0 0 0 1262 23 80079 65.0 46 19.9 52
1 1 0 0 0 0 0 0 938 27 30079 34.0 82 11.8 6
1 1 0 0 0 0 0 0 1218 25 70079 35.0 37 8.8 51
1 1 0 0 0 0 0 0 779 20 70078 31.0 27 9.9 43
1 1 0 0 0 0 0 0 1001 31 60079 48.0 59 16.8 49
1 1 0 0 0 0 0 0 1307 21 110079 26.0 61 16.4 8
1 0 1 0 0 0 0 0 917 26 30079 35.0 50 10.9 1
1 0 0 1 0 0 0 0 1255 26 70079 34.0 54 8.0 20
1 1 0 0 0 0 0 0 813 31 100078 27.0 93 15.6 39
1 1 0 0 0 0 0 0 782 35 70078 51.0 34 16.6 25
1 1 0 0 0 0 0 0 943 33 40079 67.0 115 9.3 71
1 0 1 0 0 0 0 0 942 27 30079 92.0 31 16.5 4
1 1 0 0 0 0 0 0 1305 36 100079 55.0 55 21.8 53
1 1 0 0 0 0 0 0 918 33 30079 27.0 0 10.3 41
1 1 0 0 0 0 0 0 673 26 120077 28.0 107 7.0 125
1 0 1 0 0 0 0 0 908 23 20079 44.0 69 10.5 33
1 0 0 1 0 0 0 0 1244 25 70079 32.0 83 6.7 28
1 1 0 0 0 0 0 0 1298 22 100079 35.0 26 11.3 13
1 1 0 0 0 0 0 0 1003 27 60079 52.0 51 17.9 58
1 1 0 0 0 0 0 0 1292 20 100079 53.0 105 22.3 112
1 1 0 0 0 0 0 0 914 30 20079 69.0 30 8.7 5
1 1 0 0 0 0 0 0 1281 35 80079 21.0 15 9.8 27
1 0 1 0 0 0 0 0 1011 27 60079 37.0 52 3.9 21
1 1 0 0 0 0 0 0 771 24 70078 24.0 70 14.2 8
1 0 0 1 0 0 0 0 1245 26 70079 34.0 69 9.7 32
1 1 0 0 0 0 0 0 802 20 90078 22.0 4 10.3 47
1 1 0 0 0 0 0 0 675 38 120077 45.0 14 13.7 125
1 1 0 0 0 0 0 0 781 22 70078 20.0 39 11.9 3
1 1 0 0 0 0 0 0 762 22 60078 34.0 95 14.5 23
1 0 1 0 0 0 0 0 896 39 10079 28.0 5 17.1 25
1 0 0 1 0 0 0 0 919 39 30079 21.0 99 10.3 57
1 0 0 0 0 0 1 0 947 39 40079 25.0 117 10.0 44
1 1 0 0 0 0 0 0 763 22 60078 51.0 95 12.7 28
1 1 0 0 0 0 0 0 1252 33 70079 28.8 7 6.9 41
1 1 0 0 0 0 0 0 1310 33 110079 41.0 11 15.1 84
1 0 1 0 0 0 0 0 1260 36 80079 30.0 62 11.9 13
1 1 0 0 0 0 0 0 1019 39 60079 39.0 90 7.6 40
1 1 0 0 0 0 0 0 936 30 30079 30.0 72 18.1 9
1 0 1 0 0 0 0 0 1254 28 70079 32.0 49 5.6 33
1 1 0 0 0 0 0 0 911 29 20079 74.0 66 8.9 64
1 0 1 0 0 0 0 0 904 31 20079 45.0 83 10.8 41
1 1 0 0 0 0 0 0 789 32 70078 28.0 71 17.4 23
1 1 0 0 0 0 0 0 811 37 100078 97.5 21 12.0 61
1 0 1 0 0 0 0 0 1217 25 70079 34.0 98 12.1 69
1 1 0 0 0 0 0 0 770 25 60078 37.0 115 11.7 47
1 0 1 0 0 0 0 0 682 24 100077 26.0 109 11.7 125
1 1 0 0 0 0 0 0 798 34 90078 24.0 2 14.0 75
1 0 1 0 0 0 0 0 1024 32 60079 43.0 87 6.0 18
