0 0 1 0 0 0 0 0 1332 22 80079 44.0 7 17.4 43
0 1 0 0 0 0 0 0 966 20 100078 65.0 84 23.8 58
0 1 0 0 0 0 0 0 979 42 90078 440.0 13 20.2 79
0 1 0 0 0 0 0 0 1327 59 80079 58.0 89 11.0 88
0 1 0 0 0 0 0 0 978 35 90078 129.0 104 18.3 53
0 0 1 0 0 0 0 0 1290 36 60079 104.0 87 16.7 86
0 0 0 1 0 0 0 0 1139 35 20079 122.0 90 21.6 92
0 0 0 0 1 0 0 0 1487 36 110079 144.0 119 24.4 108
0 1 0 0 0 0 0 0 1208 27 40079 285.0 62 36.4 83
0 0 1 0 0 0 0 0 1395 27 90079 25.0 95 49.1 65
0 1 0 0 0 0 0 0 1209 28 40079 124.0 98 32.2 101
0 0 0 0 0 1 0 0 1536 31 10080 45.0 119 13.8 69
0 0 0 1 0 0 0 0 1266 32 50079 485.0 75 73.0 116
0 0 1 0 0 0 0 0 1124 39 10079 388.0 95 41.6 62
0 0 0 1 0 0 0 0 1398 39 90079 148.0 10 18.8 70
0 1 0 0 0 0 0 0 913 34 60078 73.0 11 17.0 99
0 0 0 1 0 0 0 0 1531 36 10080 55.0 119 20.7 91
0 1 0 0 0 0 0 0 970 58 80078 19.0 2 10.9 56
0 0 1 0 0 0 0 0 1155 58 20079 34.0 116 19.9 102
0 1 0 0 0 0 0 0 1354 30 80079 57.0 9 12.9 30
0 0 1 0 0 0 0 0 1066 43 110078 73.0 7 20.6 60
0 0 1 0 0 0 0 0 1447 30 100079 177.0 6 19.8 81
0 1 0 0 0 0 0 0 911 35 60078 48.0 115 16.4 77
0 0 1 0 0 0 0 0 951 35 70078 34.0 112 10.4 7
0 0 0 1 0 0 0 0 1009 35 90078 42.0 1 17.1 50
0 1 0 0 0 0 0 0 1115 35 90079 925.0 68 62.9 96
0 0 1 0 0 0 0 0 1203 35 40079 1288.0 70 51.6 115
0 0 0 1 0 0 0 0 1381 36 90079 325.0 49 33.9 118
0 1 0 0 0 0 0 0 1173 41 30079 99.0 105 18.6 31
0 0 0 1 0 0 0 0 1328 42 80079 52.0 106 11.2 94
0 0 1 0 0 0 0 0 1163 52 30078 242.0 80 16.6 40
0 0 0 1 0 0 0 0 1334 53 80079 245.0 92 22.7 93
0 1 0 0 0 0 0 0 1030 39 100078 154.0 6 21.3 100
0 0 0 1 0 0 0 0 1493 40 120079 123.0 119 25.4 95
0 1 0 0 0 0 0 0 1323 43 80079 80.0 94 12.1 93
0 0 1 0 0 0 0 0 1296 45 60079 35.0 82 14.4 50
0 0 1 0 0 0 0 0 1141 61 20079 80.0 114 15.1 91
1 1 0 0 0 0 0 0 786 32 80078 20.0 51 11.0 59
1 1 0 0 0 0 0 0 778 36 70078 28.0 83 13.2 42
1 1 0 0 0 0 0 0 1306 22 110079 30.0 7 22.6 74
1 1 0 0 0 0 0 0 895 23 10078 40.0 74 15.2 63
1 1 0 0 0 0 0 0 789 27 80078 15.0 84 13.5 76
1 1 0 0 0 0 0 0 1296 25 100079 42.0 28 13.3 68
1 1 0 0 0 0 0 0 906 26 20079 130.0 65 17.1 66
1 0 1 0 0 0 0 0 933 26 30079 48.0 79 22.7 34
1 0 0 0 1 0 0 0 671 25 100077 41.0 86 15.0 125
1 0 0 1 0 0 0 0 1253 27 70079 24.0 25 5.6 13
1 1 0 0 0 0 0 0 941 31 40079 34.0 101 7.9 20
1 0 1 0 0 0 0 0 1287 31 90079 38.0 111 12.6 32
1 1 0 0 0 0 0 0 948 28 40079 59.0 88 9.9 11
1 0 1 0 0 0 0 0 1259 28 80079 75.0 68 10.1 47
1 0 1 0 0 0 0 0 934 27 30079 30.0 64 8.1 0
1 0 0 1 0 0 0 0 1022 28 60079 24.0 84 3.5 15
1 1 0 0 0 0 0 0 801 24 90078 26.0 77 20.7 24
1 1 0 0 0 0 0 0 938 27 30079 34.0 82 11.8 6
1 0 1 0 0 0 0 0 1249 34 70079 87.0 49 6.0 122
1 1 0 0 0 0 0 0 990 20 50079 62.0 68 10.2 48
1 1 0 0 0 0 0 0 1001 31 60079 48.0 59 16.8 49
1 1 0 0 0 0 0 0 1219 26 70079 55.0 80 10.9 68
1 1 0 0 0 0 0 0 1248 26 70079 32.0 44 8.6 26
1 1 0 0 0 0 0 0 1307 21 110079 26.0 61 16.4 8
1 1 0 0 0 0 0 0 769 27 60078 25.0 95 10.3 17
1 0 1 0 0 0 0 0 917 26 30079 35.0 50 10.9 1
1 0 0 1 0 0 0 0 1255 26 70079 34.0 54 8.0 20
1 1 0 0 0 0 0 0 813 31 100078 27.0 93 15.6 39
1 0 0 1 0 0 0 0 1012 31 60079 22.0 43 5.1 50
1 1 0 0 0 0 0 0 669 22 120077 22.0 80 15.0 125
1 1 0 0 0 0 0 0 782 35 70078 51.0 34 16.6 25
1 0 1 0 0 0 0 0 942 27 30079 92.0 31 16.5 4
1 1 0 0 0 0 0 0 1305 36 100079 55.0 55 21.8 53
1 1 0 0 0 0 0 0 765 25 60078 38.0 70 15.8 35
1 1 0 0 0 0 0 0 657 27 100077 22.0 118 10.8 125
1 1 0 0 0 0 0 0 1298 22 100079 35.0 26 11.3 13
1 1 0 0 0 0 0 0 949 31 50079 35.0 93 15.3 9
1 1 0 0 0 0 0 0 791 33 80078 31.0 47 13.7 34
1 1 0 0 0 0 0 0 1292 20 100079 53.0 105 22.3 112
1 0 1 0 0 0 0 0 1220 30 70079 25.0 36 5.3 8
1 1 0 0 0 0 0 0 768 26 60078 51.0 70 12.9 28
1 0 1 0 0 0 0 0 1011 27 60079 37.0 52 3.9 21
1 1 0 0 0 0 0 0 781 22 70078 20.0 39 11.9 3
1 1 0 0 0 0 0 0 1290 24 90079 25.0 98 14.0 38
1 1 0 0 0 0 0 0 831 38 120078 26.0 16 8.9 37
1 0 0 0 1 0 0 0 927 39 30079 23.0 19 10.0 16
1 0 0 0 0 0 0 1 1010 39 60079 21.0 105 5.9 48
1 1 0 0 0 0 0 0 899 32 20079 56.0 39 9.9 72
1 1 0 0 0 0 0 0 1017 20 60079 40.0 68 6.1 39
1 1 0 0 0 0 0 0 776 22 70078 21.0 45 12.2 37
1 1 0 0 0 0 0 0 901 25 20078 95.0 33 7.3 41
1 0 1 0 0 0 0 0 1009 25 60079 59.0 40 10.7 105
1 1 0 0 0 0 0 0 913 36 20079 40.0 41 7.0 14
1 1 0 0 0 0 0 0 767 22 60078 48.0 48 16.6 16
1 1 0 0 0 0 0 0 936 30 30079 30.0 72 18.1 9
1 1 0 0 0 0 0 0 1261 37 70079 38.0 78 21.6 58
1 1 0 0 0 0 0 0 929 27 30079 27.0 85 12.5 124
1 0 1 0 0 0 0 0 1254 28 70079 32.0 49 5.6 33
1 0 1 0 0 0 0 0 904 31 20079 45.0 83 10.8 41
1 1 0 0 0 0 0 0 789 32 70078 28.0 71 17.4 23
1 0 1 0 0 0 0 0 907 26 20079 44.0 69 15.3 38
1 0 0 1 0 0 0 0 1014 26 60079 68.0 73 11.9 47
1 1 0 0 0 0 0 0 811 37 100078 97.5 21 12.0 61
1 1 0 0 0 0 0 0 766 20 60078 30.0 63 12.9 12
1 1 0 0 0 0 0 0 770 25 60078 37.0 115 11.7 47
1 1 0 0 0 0 0 0 798 34 90078 24.0 2 14.0 75
1 1 0 0 0 0 0 0 942 32 40079 41.0 56 10.9 55
