1 30 64 1
1 30 62 3
1 33 58 10
1 34 61 10
1 34 67 7
1 38 62 3
1 39 67 0
1 39 58 0
1 40 58 0
1 41 59 0
0 42 59 0
1 42 58 0
1 42 59 2
1 42 62 20
0 43 59 2
1 43 63 2
1 43 66 4
0 44 64 6
1 45 67 0
0 46 62 5
0 46 65 20
1 47 61 0
0 48 58 11
1 48 62 2
0 49 64 10
1 49 62 1
1 49 63 3
0 51 59 13
1 51 65 0
0 52 69 3
1 52 63 4
1 52 62 1
1 52 64 0
0 54 68 7
1 54 59 7
1 54 69 7
1 55 58 0
1 55 69 3
1 57 69 0
1 57 61 0
1 57 67 0
1 58 67 0
1 59 67 3
1 60 61 1
0 61 62 5
1 61 68 0
1 64 61 0
1 65 67 0
1 65 67 1
1 68 67 0
1 69 65 0
1 69 66 0
1 70 68 0
1 73 68 0
1 74 63 0
0 83 58 2
