1 30 64 1
1 30 62 3
1 30 65 0
1 31 59 2
1 31 65 4
1 34 58 30
1 34 60 1
1 34 60 0
1 35 63 0
1 36 60 1
1 36 69 0
1 37 58 0
1 37 59 6
1 37 60 15
0 38 69 21
1 38 59 2
1 38 62 3
1 38 64 1
1 38 66 0
1 38 66 11
1 38 60 1
1 39 63 0
1 39 67 0
1 39 59 2
1 39 63 4
1 40 58 0
0 41 60 23
0 41 67 0
1 41 58 0
1 41 59 8
1 41 69 8
1 41 65 0
0 42 59 0
1 42 58 0
1 42 60 1
1 42 59 2
1 42 61 4
1 42 62 20
1 42 65 0
1 42 63 1
0 43 59 2
1 43 60 0
1 43 63 2
0 44 58 9
1 44 61 0
1 44 67 16
1 45 59 14
1 45 64 0
0 46 69 3
0 46 65 20
1 46 62 0
0 47 63 23
1 47 61 0
1 47 66 0
1 47 67 0
1 47 58 3
1 47 66 12
0 48 58 11
0 48 67 7
1 48 61 8
1 48 66 0
0 49 63 0
1 49 61 1
1 49 66 0
1 49 62 1
1 49 63 3
1 49 61 0
1 50 59 0
1 50 63 1
1 50 58 1
1 50 59 2
1 50 64 0
0 51 59 13
1 51 66 1
0 52 59 2
0 52 66 4
1 52 61 0
1 52 60 4
1 52 62 0
1 52 62 1
0 53 58 4
0 53 65 1
0 53 65 12
1 54 60 3
1 54 66 0
1 54 67 46
1 54 69 7
0 55 63 6
1 55 58 1
1 55 66 18
1 55 66 0
1 55 69 22
0 56 65 9
1 56 66 2
1 56 60 0
0 57 61 5
0 57 64 1
1 57 69 0
1 57 64 0
1 57 67 0
1 58 59 0
1 58 67 0
1 58 58 0
1 59 60 0
1 59 63 0
1 59 64 1
1 60 61 1
1 61 64 0
1 61 68 0
1 62 66 0
1 63 62 0
1 63 61 9
1 63 61 28
1 64 58 0
1 64 61 0
1 64 68 0
0 65 61 2
1 65 67 0
1 65 59 2
1 65 64 0
1 66 58 0
1 66 58 1
0 67 64 8
0 67 63 1
1 67 61 0
1 67 65 0
1 69 60 0
1 69 65 0
0 70 58 0
1 70 66 14
1 70 68 0
1 70 59 8
1 70 63 0
0 72 63 0
1 72 67 3
1 73 68 0
1 74 63 0
1 76 67 0
1 77 65 3
0 78 65 1
0 83 58 2
