1 30 64 1
1 30 62 3
1 31 59 2
1 34 60 1
1 36 69 0
1 37 60 0
1 37 58 0
1 37 59 6
1 37 60 15
1 37 63 0
0 38 69 21
1 38 59 2
1 38 60 0
1 38 64 1
1 38 66 0
1 38 60 1
0 39 66 0
1 39 63 0
1 39 67 0
1 39 59 2
1 39 63 4
1 40 58 2
0 41 60 23
1 41 58 0
1 41 59 0
1 41 64 0
0 42 69 1
1 42 59 2
1 42 61 4
1 42 65 0
1 42 63 1
0 43 58 52
0 43 59 2
1 43 63 14
1 43 64 2
1 43 63 2
1 43 65 0
1 43 66 4
0 44 58 9
1 44 61 0
0 45 66 0
1 45 60 0
1 45 67 0
1 45 59 14
1 45 64 0
1 45 67 1
0 46 58 2
1 47 63 6
1 47 66 0
1 47 68 4
0 48 58 11
0 48 67 7
1 48 61 8
1 48 62 2
0 49 63 0
0 49 64 10
1 49 62 0
1 49 66 0
1 49 60 1
1 49 62 1
1 49 63 3
1 49 67 1
0 50 63 13
1 50 63 1
1 50 58 1
1 50 61 0
1 50 65 4
1 50 66 1
0 51 59 3
1 51 64 7
1 51 59 1
0 52 69 3
0 52 59 2
0 52 66 4
1 52 61 0
1 52 60 4
1 52 62 0
1 52 62 1
1 52 65 0
0 53 58 4
0 53 59 3
0 53 63 24
0 53 65 12
1 53 58 1
1 53 61 1
0 54 65 23
1 54 60 3
1 54 66 0
1 54 67 46
1 54 69 7
1 55 58 1
1 55 67 1
1 56 60 0
0 57 61 5
0 57 64 1
1 57 69 0
1 57 61 0
1 57 62 0
1 57 63 0
1 57 64 0
1 58 61 2
1 59 63 0
1 59 64 4
1 59 64 0
0 60 59 17
1 60 61 1
1 60 67 2
1 60 61 25
1 60 64 0
0 61 65 0
1 61 64 0
1 61 65 8
1 61 68 0
1 61 59 0
0 62 65 19
1 63 61 0
1 63 62 0
1 64 65 22
0 65 61 2
0 65 62 22
0 65 66 15
1 65 67 0
1 65 59 2
1 65 64 0
1 65 67 1
0 66 61 13
0 67 64 8
0 67 63 1
1 67 61 0
1 67 65 0
1 69 60 0
1 69 66 0
1 70 68 0
1 70 59 8
1 70 63 0
1 71 68 2
0 72 63 0
0 74 65 3
1 75 62 1
1 76 67 0
1 77 65 3
