1 33 60 0
1 34 60 0
1 35 64 13
1 35 63 0
1 36 60 1
1 37 59 6
1 38 67 5
1 39 59 2
1 41 64 0
0 42 69 1
1 42 58 0
1 43 63 14
1 43 64 3
1 43 66 4
1 45 67 0
1 45 68 0
1 46 62 0
0 47 62 0
0 48 67 7
0 49 64 10
1 49 60 1
1 51 66 1
0 52 69 3
1 52 63 4
1 52 60 5
0 53 59 3
1 53 60 2
1 53 63 0
0 54 65 23
0 54 65 5
0 54 68 7
1 54 63 19
0 55 63 6
1 55 66 0
1 55 69 3
1 56 66 1
0 57 61 5
1 58 59 0
1 58 61 2
0 59 62 35
1 59 67 3
1 60 61 1
1 60 64 0
0 62 65 19
1 63 62 0
1 64 58 0
1 64 68 0
0 65 61 2
0 67 64 8
1 67 66 0
1 67 61 0
1 70 67 0
0 72 63 0
1 72 58 0
1 73 62 0
1 76 67 0
