1 33 58 10
1 34 60 1
1 38 60 0
1 38 62 3
1 38 67 5
1 39 67 0
0 41 60 23
1 41 59 0
1 41 69 8
1 42 58 0
1 42 59 2
1 42 61 4
1 42 65 0
1 42 63 1
1 45 64 0
0 46 69 3
0 46 65 20
1 46 58 3
1 47 60 4
1 48 61 8
1 48 64 0
1 49 67 1
0 50 63 13
1 50 59 0
1 50 61 6
1 50 58 1
0 52 69 3
1 52 63 4
1 52 69 0
1 52 62 1
1 53 60 2
0 54 68 7
1 54 59 7
1 54 69 7
1 54 58 1
0 55 68 15
1 56 67 0
1 56 60 0
0 57 64 1
1 57 64 9
1 57 64 0
1 58 59 0
1 59 64 1
0 60 59 17
1 60 61 25
1 61 68 0
1 61 59 0
0 63 60 1
1 63 66 0
1 64 61 0
1 70 67 0
1 70 63 0
0 72 63 0
1 73 62 0
1 73 68 0
0 78 65 1
