1 30 64 1
1 30 62 3
1 37 59 6
1 37 60 15
1 37 63 0
0 38 69 21
1 38 59 2
1 38 64 1
1 38 66 0
1 38 60 1
0 39 66 0
1 39 59 2
1 42 59 2
0 43 59 2
1 43 63 14
1 43 64 2
1 43 66 4
0 45 66 0
1 45 60 0
1 45 67 0
1 45 64 0
1 45 67 1
1 47 63 6
0 48 58 11
1 48 61 8
1 48 62 2
0 49 64 10
1 49 66 0
1 49 60 1
1 49 63 3
1 51 64 7
1 51 59 1
0 53 58 4
0 54 65 23
1 54 66 0
1 56 60 0
0 57 61 5
1 57 62 0
1 59 64 4
1 60 61 25
1 60 64 0
1 61 64 0
1 61 65 8
0 62 65 19
1 63 61 0
1 63 62 0
1 64 65 22
0 65 61 2
1 65 64 0
0 67 64 8
1 67 65 0
1 71 68 2
0 72 63 0
1 75 62 1
1 76 67 0
1 77 65 3
