1 30 64 1
1 30 62 3
1 34 58 30
1 34 60 1
1 36 69 0
1 37 60 15
0 38 69 21
1 38 62 3
1 38 66 11
1 39 59 2
0 41 60 23
0 41 67 0
1 41 59 8
1 41 69 8
1 41 65 0
1 42 58 0
1 42 61 4
1 42 62 20
1 42 63 1
0 43 59 2
1 43 60 0
1 43 63 2
0 44 58 9
1 44 67 16
0 46 69 3
0 46 65 20
1 46 62 0
0 47 63 23
1 47 66 0
1 47 58 3
1 47 66 12
0 48 58 11
1 48 66 0
1 49 63 3
1 49 61 0
1 50 59 0
1 51 66 1
1 52 62 1
0 53 65 1
0 53 65 12
1 54 66 0
1 55 66 18
1 57 64 0
1 57 67 0
1 59 64 1
1 61 64 0
1 61 68 0
1 63 62 0
0 65 61 2
1 65 67 0
0 67 63 1
1 67 61 0
1 70 66 14
1 70 68 0
0 72 63 0
1 74 63 0
