1 37 63 0
0 38 69 21
1 39 67 0
1 40 65 0
0 41 60 23
1 41 58 0
1 43 63 2
1 43 66 4
0 44 58 9
0 44 63 19
1 44 61 0
1 45 60 0
1 45 68 0
1 45 67 1
0 46 69 3
1 46 58 3
0 47 63 23
1 47 63 6
0 48 58 11
1 48 62 2
1 48 66 0
0 49 63 0
1 50 63 1
1 50 64 0
0 52 59 2
0 52 66 4
1 52 63 4
1 52 69 0
1 52 60 5
1 52 64 0
1 52 65 0
0 53 65 1
0 53 60 9
0 53 63 24
1 53 58 1
0 54 68 7
1 54 63 19
1 55 58 1
1 55 69 22
1 55 67 1
1 56 67 0
1 57 69 0
1 57 63 0
0 59 62 35
1 59 64 1
0 61 65 0
0 61 68 1
1 61 65 8
0 62 59 13
1 62 62 6
0 63 60 1
1 64 65 22
0 69 67 8
1 70 66 14
1 72 64 0
1 75 62 1
