1 33 58 10
0 34 66 9
1 34 61 10
1 37 58 0
1 37 59 6
0 38 69 21
1 38 64 1
0 39 66 0
1 42 61 4
1 42 62 20
1 43 64 3
1 43 60 0
1 43 63 2
1 43 66 4
0 44 58 9
1 44 61 0
0 46 62 5
1 47 63 6
1 47 58 3
1 47 68 4
0 48 58 11
1 48 62 2
1 48 66 0
0 49 63 0
1 49 67 1
1 50 58 1
0 51 59 3
0 52 62 3
1 52 63 4
1 52 69 0
1 53 60 2
1 53 61 1
1 54 66 0
1 54 67 46
1 55 66 0
1 56 67 0
1 57 69 0
1 57 64 0
1 58 61 1
0 59 62 35
1 59 64 1
1 59 64 7
1 60 67 2
1 63 63 0
1 64 65 22
1 64 61 0
0 65 61 2
1 65 58 0
1 67 66 0
1 68 68 0
0 69 67 8
0 70 58 0
1 70 63 0
1 72 67 3
1 73 68 0
0 78 65 1
