1 30 64 1
1 30 62 3
1 30 65 0
1 31 59 2
1 33 58 10
0 34 66 9
1 34 60 1
1 34 61 10
1 34 67 7
1 35 64 13
1 37 60 0
1 38 60 0
1 38 62 3
1 38 67 5
1 39 63 0
1 39 67 0
1 39 58 0
1 39 59 2
1 39 63 4
1 40 58 0
1 41 58 0
1 41 59 8
1 41 59 0
1 41 64 0
1 41 69 8
1 41 65 0
0 42 69 1
0 42 59 0
1 42 58 0
1 42 59 2
1 42 62 20
0 43 59 2
0 43 64 0
1 43 63 14
1 43 60 0
1 43 63 2
1 43 66 4
0 44 64 6
0 44 58 9
1 44 67 16
0 45 65 6
1 45 67 0
1 45 64 0
1 45 68 0
1 45 67 1
0 46 69 3
0 46 62 5
0 46 65 20
1 47 61 0
1 47 63 6
1 47 67 0
0 48 58 11
1 48 62 2
0 49 64 10
1 49 61 1
1 49 62 0
1 49 66 0
1 49 62 1
1 49 63 3
1 49 61 0
1 50 61 6
1 50 59 2
1 50 61 0
1 50 65 4
0 51 59 13
0 51 59 3
1 51 65 0
1 51 66 1
0 52 69 3
0 52 62 3
1 52 63 4
1 52 60 4
1 52 62 1
1 52 64 0
1 52 68 0
0 53 65 1
0 53 59 3
1 53 60 1
1 53 63 0
0 54 68 7
1 54 59 7
1 54 66 0
1 54 67 46
1 54 69 7
1 54 58 1
1 54 62 0
1 55 58 0
1 55 58 1
1 55 66 18
1 55 69 3
1 55 69 22
1 56 60 0
1 57 64 9
1 57 69 0
1 57 61 0
1 57 62 0
1 57 63 0
1 57 67 0
1 58 59 0
1 58 60 3
1 58 67 0
1 58 58 3
0 59 62 35
1 59 64 7
1 59 67 3
1 60 61 1
1 60 67 2
0 61 62 5
1 61 64 0
1 61 65 8
1 61 68 0
1 61 59 0
1 62 62 6
1 62 66 0
1 63 66 0
1 64 65 22
1 64 66 0
1 64 61 0
0 65 66 15
1 65 58 0
1 65 67 0
1 65 64 0
1 65 67 1
1 66 58 1
1 66 68 0
0 67 64 8
1 67 66 0
1 68 67 0
1 69 65 0
1 69 66 0
0 70 58 0
1 70 66 14
1 70 68 0
1 70 59 8
1 72 67 3
1 73 68 0
0 74 65 3
1 74 63 0
1 75 62 1
1 76 67 0
0 83 58 2
