1 30 64 1
1 31 59 2
1 31 65 4
1 33 58 10
0 34 59 0
1 34 58 30
1 34 60 1
1 36 60 1
1 37 60 0
0 38 69 21
1 38 60 0
1 38 62 3
1 38 67 5
0 39 66 0
1 39 63 0
1 39 67 0
1 40 65 0
0 41 60 23
0 41 67 0
1 41 59 0
1 41 64 0
1 41 69 8
1 41 65 0
0 42 69 1
1 42 58 0
1 42 59 2
1 42 61 4
1 42 62 20
1 42 65 0
1 42 63 1
0 43 58 52
0 43 64 0
1 43 60 0
1 43 65 0
0 44 63 19
1 44 67 16
0 45 65 6
0 45 66 0
1 45 60 0
1 45 64 0
0 46 69 3
0 46 62 5
0 46 65 20
1 46 58 3
1 46 63 0
0 47 62 0
1 47 60 4
1 47 68 4
0 48 58 11
1 48 61 8
1 48 64 0
0 49 63 0
1 49 61 1
1 49 62 0
1 49 66 0
1 49 61 0
1 49 67 1
0 50 63 13
1 50 59 0
1 50 61 6
1 50 58 1
1 50 59 2
1 50 65 4
1 51 59 1
1 51 66 1
0 52 69 3
0 52 59 2
0 52 62 3
1 52 61 0
1 52 63 4
1 52 69 0
1 52 62 1
1 52 64 0
1 52 65 0
1 52 68 0
0 53 63 24
0 53 65 12
1 53 60 1
1 53 60 2
1 53 63 0
0 54 68 7
1 54 59 7
1 54 69 7
1 54 63 19
1 54 58 1
0 55 68 15
1 55 58 0
1 55 66 18
1 55 69 3
1 55 69 22
0 56 66 3
1 56 67 0
1 56 60 0
0 57 62 14
0 57 64 1
1 57 64 9
1 57 62 0
1 57 64 0
1 57 67 0
1 58 59 0
1 58 58 0
0 59 62 35
1 59 64 1
1 59 64 4
1 59 64 0
1 59 64 7
0 60 59 17
0 60 65 0
1 60 61 1
1 60 61 25
0 61 62 5
0 61 68 1
1 61 65 8
1 61 68 0
1 61 59 0
0 63 60 1
1 63 63 0
1 63 66 0
1 63 61 9
1 64 61 0
0 65 61 2
0 65 66 15
1 65 58 0
1 65 64 0
1 65 67 1
0 67 64 8
1 67 65 0
1 68 68 0
0 69 67 8
1 69 66 0
0 70 58 0
1 70 67 0
1 70 68 0
1 70 63 0
0 72 63 0
1 73 62 0
1 73 68 0
1 74 63 0
1 76 67 0
0 78 65 1
0 83 58 2
