1 30 65 0
1 31 59 2
1 33 58 10
1 33 60 0
0 34 59 0
0 34 66 9
1 34 58 30
1 34 61 10
1 35 64 13
1 35 63 0
1 37 58 0
1 37 59 6
0 38 69 21
1 38 64 1
1 38 66 0
1 38 60 1
0 39 66 0
1 39 67 0
1 39 58 0
1 39 63 4
0 41 60 23
1 41 58 0
1 41 69 8
0 42 69 1
1 42 60 1
1 42 61 4
1 42 62 20
0 43 59 2
1 43 64 3
1 43 60 0
1 43 63 2
1 43 66 4
0 44 64 6
0 44 58 9
1 44 63 1
1 44 61 0
1 44 67 16
0 45 66 0
1 45 59 14
1 45 64 0
0 46 58 2
0 46 62 5
0 47 62 0
0 47 65 0
1 47 61 0
1 47 63 6
1 47 66 0
1 47 67 0
1 47 58 3
1 47 60 4
1 47 68 4
0 48 58 11
1 48 61 8
1 48 62 2
1 48 66 0
0 49 63 0
0 49 64 10
1 49 62 0
1 49 60 1
1 49 62 1
1 49 63 3
1 49 67 1
1 50 59 0
1 50 61 6
1 50 63 1
1 50 58 1
1 50 61 0
0 51 59 3
1 51 59 1
1 51 66 1
0 52 69 3
0 52 59 2
0 52 62 3
0 52 66 4
1 52 63 4
1 52 69 0
1 52 60 4
1 52 62 0
0 53 65 1
0 53 59 3
0 53 60 9
1 53 58 1
1 53 60 1
1 53 60 2
1 53 61 1
1 53 63 0
0 54 65 23
1 54 59 7
1 54 66 0
1 54 67 46
1 54 69 7
1 55 66 0
1 55 67 1
0 56 65 9
1 56 66 1
1 56 67 0
1 57 64 9
1 57 69 0
1 57 63 0
1 57 64 0
1 58 61 1
0 59 62 35
1 59 63 0
1 59 64 1
1 59 64 4
1 59 64 7
1 60 61 1
1 60 67 2
0 61 68 1
1 61 65 8
0 62 59 13
0 62 65 19
1 62 58 0
0 63 60 1
1 63 63 0
1 63 61 9
1 64 65 22
1 64 61 0
1 64 68 0
0 65 61 2
1 65 58 0
0 66 61 13
1 66 58 0
1 67 66 0
1 67 61 0
1 68 67 0
1 68 68 0
0 69 67 8
1 69 65 0
0 70 58 0
0 70 58 4
1 70 68 0
1 70 59 8
1 70 63 0
1 72 64 0
1 72 67 3
1 73 68 0
1 74 63 0
1 76 67 0
0 78 65 1
0 83 58 2
