0 157 1.0 0.69
0 268 10.0 2.4
0 134 0.1 0.1
1 21 0.1 0.1
0 150 25.0 3.26
0 221 12.0 2.56
1 46 24.0 3.22
1 114 1.0 0.69
0 212 1.0 0.69
1 127 4.0 1.61
0 182 0.1 0.1
0 248 1.0 0.69
0 108 7.0 2.08
0 112 0.1 0.1
0 136 0.1 0.1
0 126 0.1 0.1
1 39 57.0 4.06
1 63 1.0 0.69
0 166 1.0 0.69
0 189 4.0 1.61
1 145 0.1 0.1
0 226 0.1 0.1
1 4 106.0 4.67
0 169 3.0 1.39
1 180 7.0 2.08
1 54 1.0 0.69
1 188 0.1 0.1
0 263 7.0 2.08
0 168 0.1 0.1
1 19 0.1 0.1
0 240 75.0 4.33
1 118 10.0 2.4
0 128 1.0 0.69
0 37 7.0 2.08
0 147 3.0 1.39
1 48 1.0 0.69
0 191 1.0 0.69
0 189 0.1 0.1
0 209 75.0 4.33
1 25 15.0 2.77
0 107 3.0 1.39
1 65 0.1 0.1
1 62 8.0 2.2
