1 209 2.0 1.1
1 21 0.1 0.1
0 150 25.0 3.26
0 221 12.0 2.56
1 46 24.0 3.22
0 195 0.1 0.1
0 237 0.1 0.1
1 39 22.0 3.14
1 132 0.1 0.1
0 182 0.1 0.1
0 200 0.1 0.1
0 248 1.0 0.69
0 192 0.1 0.1
1 103 11.0 2.48
0 136 0.1 0.1
1 39 57.0 4.06
0 166 1.0 0.69
1 32 1.0 0.69
0 148 44.0 3.81
0 189 4.0 1.61
1 4 106.0 4.67
0 253 4.0 1.61
0 81 16.0 2.83
0 169 3.0 1.39
0 235 7.0 2.08
1 54 1.0 0.69
0 239 0.1 0.1
1 19 0.1 0.1
0 240 75.0 4.33
1 118 10.0 2.4
0 128 1.0 0.69
1 48 1.0 0.69
0 158 14.0 2.71
0 191 1.0 0.69
0 209 75.0 4.33
1 165 0.1 0.1
1 86 8.0 2.2
0 78 0.1 0.1
1 25 15.0 2.77
1 4 34.0 3.56
1 65 0.1 0.1
1 62 8.0 2.2
0 89 0.1 0.1
