1 209 2.0 1.1
1 21 0.1 0.1
1 28 7.0 2.08
0 221 12.0 2.56
0 225 18.0 2.94
0 195 0.1 0.1
1 132 0.1 0.1
1 114 1.0 0.69
0 212 1.0 0.69
0 179 5.0 1.79
1 127 4.0 1.61
0 107 6.0 1.95
0 200 0.1 0.1
0 112 0.1 0.1
0 169 2.0 1.1
0 136 0.1 0.1
0 256 0.1 0.1
1 39 57.0 4.06
0 220 0.1 0.1
0 166 1.0 0.69
1 75 1.0 0.69
0 237 5.0 1.79
0 148 44.0 3.81
0 127 0.1 0.1
0 189 4.0 1.61
1 138 10.0 2.4
1 182 14.0 2.71
0 226 0.1 0.1
0 138 1.0 0.69
0 253 4.0 1.61
0 169 3.0 1.39
0 235 7.0 2.08
1 54 1.0 0.69
1 188 0.1 0.1
0 263 7.0 2.08
0 37 7.0 2.08
0 191 1.0 0.69
0 189 0.1 0.1
0 209 75.0 4.33
1 165 0.1 0.1
0 78 0.1 0.1
0 107 3.0 1.39
1 4 34.0 3.56
