0 157 1.0 0.69
0 268 10.0 2.4
1 21 0.1 0.1
0 225 18.0 2.94
0 195 0.1 0.1
1 99 0.1 0.1
1 132 0.1 0.1
1 114 1.0 0.69
0 212 1.0 0.69
0 179 5.0 1.79
1 127 4.0 1.61
0 182 0.1 0.1
0 107 6.0 1.95
0 192 0.1 0.1
1 103 11.0 2.48
0 136 0.1 0.1
0 126 0.1 0.1
1 39 57.0 4.06
0 186 0.1 0.1
1 75 1.0 0.69
0 148 44.0 3.81
0 189 4.0 1.61
0 214 17.0 2.89
0 226 0.1 0.1
0 138 1.0 0.69
1 103 1.0 0.69
1 180 7.0 2.08
0 235 7.0 2.08
0 239 0.1 0.1
0 168 0.1 0.1
1 19 0.1 0.1
0 240 75.0 4.33
0 128 1.0 0.69
0 37 7.0 2.08
0 191 1.0 0.69
1 13 6.0 1.95
0 209 75.0 4.33
1 86 8.0 2.2
0 78 0.1 0.1
1 25 15.0 2.77
1 4 34.0 3.56
0 89 0.1 0.1
1 44 77.0 4.36
