0 134 0.1 0.1
1 28 7.0 2.08
0 221 12.0 2.56
0 264 2.0 1.1
0 237 0.1 0.1
1 39 22.0 3.14
0 200 0.1 0.1
1 103 11.0 2.48
0 169 2.0 1.1
0 126 0.1 0.1
1 39 57.0 4.06
0 220 0.1 0.1
1 63 1.0 0.69
0 186 0.1 0.1
0 166 1.0 0.69
0 237 5.0 1.79
0 189 4.0 1.61
1 145 0.1 0.1
1 182 14.0 2.71
0 138 1.0 0.69
1 103 1.0 0.69
0 253 4.0 1.61
0 81 16.0 2.83
1 180 7.0 2.08
0 235 7.0 2.08
1 54 1.0 0.69
1 188 0.1 0.1
0 263 7.0 2.08
0 168 0.1 0.1
0 276 99.0 4.61
1 19 0.1 0.1
0 240 75.0 4.33
1 118 10.0 2.4
0 37 7.0 2.08
0 147 3.0 1.39
0 191 1.0 0.69
0 189 0.1 0.1
1 165 0.1 0.1
1 86 8.0 2.2
0 78 0.1 0.1
1 25 15.0 2.77
1 62 8.0 2.2
0 89 0.1 0.1
