0 157 1.0 0.69
0 268 10.0 2.4
1 209 2.0 1.1
1 21 0.1 0.1
1 28 7.0 2.08
0 150 25.0 3.26
0 225 18.0 2.94
0 264 2.0 1.1
0 237 0.1 0.1
1 99 0.1 0.1
1 132 0.1 0.1
1 127 4.0 1.61
0 200 0.1 0.1
0 192 0.1 0.1
0 126 0.1 0.1
0 256 0.1 0.1
1 39 57.0 4.06
1 63 1.0 0.69
1 159 0.1 0.1
1 75 1.0 0.69
0 237 5.0 1.79
0 148 44.0 3.81
1 145 0.1 0.1
1 182 14.0 2.71
0 214 17.0 2.89
1 4 106.0 4.67
0 169 3.0 1.39
0 235 7.0 2.08
0 239 0.1 0.1
0 263 7.0 2.08
0 276 99.0 4.61
1 19 0.1 0.1
0 128 1.0 0.69
0 37 7.0 2.08
0 147 3.0 1.39
1 48 1.0 0.69
0 158 14.0 2.71
0 189 0.1 0.1
0 209 75.0 4.33
1 165 0.1 0.1
0 78 0.1 0.1
1 62 8.0 2.2
0 89 0.1 0.1
