1 209 2.0 1.1
1 28 7.0 2.08
0 221 12.0 2.56
1 46 24.0 3.22
0 195 0.1 0.1
0 237 0.1 0.1
1 39 22.0 3.14
1 99 0.1 0.1
1 132 0.1 0.1
0 212 1.0 0.69
0 182 0.1 0.1
0 200 0.1 0.1
0 248 1.0 0.69
0 108 7.0 2.08
0 112 0.1 0.1
1 103 11.0 2.48
0 136 0.1 0.1
0 186 0.1 0.1
1 159 0.1 0.1
0 166 1.0 0.69
0 127 0.1 0.1
0 189 4.0 1.61
1 145 0.1 0.1
1 182 14.0 2.71
0 214 17.0 2.89
1 4 106.0 4.67
0 138 1.0 0.69
0 169 3.0 1.39
0 235 7.0 2.08
1 54 1.0 0.69
0 263 7.0 2.08
0 168 0.1 0.1
0 128 1.0 0.69
0 37 7.0 2.08
0 100 1.0 0.69
1 48 1.0 0.69
0 191 1.0 0.69
0 209 75.0 4.33
1 86 8.0 2.2
0 78 0.1 0.1
1 62 8.0 2.2
0 89 0.1 0.1
1 44 77.0 4.36
