0 157 1.0 0.69
0 268 10.0 2.4
0 134 0.1 0.1
1 21 0.1 0.1
1 28 7.0 2.08
0 150 25.0 3.26
0 264 2.0 1.1
0 195 0.1 0.1
0 237 0.1 0.1
1 114 1.0 0.69
0 212 1.0 0.69
1 127 4.0 1.61
0 200 0.1 0.1
0 248 1.0 0.69
0 112 0.1 0.1
1 103 11.0 2.48
0 169 2.0 1.1
0 256 0.1 0.1
0 186 0.1 0.1
1 159 0.1 0.1
1 75 1.0 0.69
0 189 4.0 1.61
0 226 0.1 0.1
1 103 1.0 0.69
0 253 4.0 1.61
0 81 16.0 2.83
0 169 3.0 1.39
1 180 7.0 2.08
1 54 1.0 0.69
1 188 0.1 0.1
0 263 7.0 2.08
0 128 1.0 0.69
0 37 7.0 2.08
0 147 3.0 1.39
0 158 14.0 2.71
1 13 6.0 1.95
0 209 75.0 4.33
1 86 8.0 2.2
0 78 0.1 0.1
1 25 15.0 2.77
0 107 3.0 1.39
1 65 0.1 0.1
0 89 0.1 0.1
