0 2 164 99.8 176.6 66.2 54.3 2337 109 3.19 3.4 10 102 5500 24 30
0 2 164 99.4 176.6 66.4 54.3 2824 136 3.19 3.4 8 115 5500 18 22
0 1 158 105.8 192.7 71.4 55.7 2844 136 3.19 3.4 8.5 110 5500 19 25
0 1 158 105.8 192.7 71.4 55.9 3086 131 3.13 3.4 8.3 140 5500 17 20
0 2 192 101.2 176.8 64.8 54.3 2395 108 3.5 2.8 8.8 101 5800 23 29
0 0 192 101.2 176.8 64.8 54.3 2395 108 3.5 2.8 8.8 101 5800 23 29
0 0 188 101.2 176.8 64.8 54.3 2710 164 3.31 3.19 9 121 4250 21 28
0 0 188 101.2 176.8 64.8 54.3 2765 164 3.31 3.19 9 121 4250 21 28
1 2 121 88.4 141.1 60.3 53.2 1488 61 2.91 3.03 9.5 48 5100 47 53
1 1 98 94.5 155.9 63.6 52 1874 90 3.03 3.11 9.6 70 5400 38 43
1 0 81 94.5 158.8 63.6 52 1909 90 3.03 3.11 9.6 70 5400 38 43
1 1 118 93.7 157.3 63.8 50.8 1876 90 2.97 3.23 9.41 68 5500 37 41
1 1 118 93.7 157.3 63.8 50.8 1876 90 2.97 3.23 9.4 68 5500 31 38
1 1 118 93.7 157.3 63.8 50.8 2128 98 3.03 3.39 7.6 102 5500 24 30
1 1 148 93.7 157.3 63.8 50.6 1967 90 2.97 3.23 9.4 68 5500 31 38
1 1 148 93.7 157.3 63.8 50.6 1989 90 2.97 3.23 9.4 68 5500 31 38
1 1 148 93.7 157.3 63.8 50.6 1989 90 2.97 3.23 9.4 68 5500 31 38
1 -1 110 103.3 174.6 64.6 59.8 2535 122 3.34 3.46 8.5 88 5000 24 30
0 3 145 95.9 173.2 66.3 50.2 2811 156 3.6 3.9 7 145 5000 19 24
1 2 137 86.6 144.6 63.9 50.8 1713 92 2.91 3.41 9.6 58 4800 49 54
1 2 137 86.6 144.6 63.9 50.8 1819 92 2.91 3.41 9.2 76 6000 31 38
1 1 101 93.7 150 64 52.6 1837 79 2.91 3.07 10.1 60 5500 38 42
1 1 101 93.7 150 64 52.6 1940 92 2.91 3.41 9.2 76 6000 30 34
1 1 101 93.7 150 64 52.6 1956 92 2.91 3.41 9.2 76 6000 30 34
1 0 110 96.5 163.4 64 54.5 2010 92 2.91 3.41 9.2 76 6000 30 34
1 0 78 96.5 157.1 63.9 58.3 2024 92 2.92 3.41 9.2 76 6000 30 34
1 0 106 96.5 167.5 65.2 53.3 2236 110 3.15 3.58 9 86 5800 27 33
1 0 106 96.5 167.5 65.2 53.3 2289 110 3.15 3.58 9 86 5800 27 33
1 0 85 96.5 175.4 65.2 54.1 2304 110 3.15 3.58 9 86 5800 27 33
1 0 85 96.5 175.4 62.5 54.1 2372 110 3.15 3.58 9 86 5800 27 33
0 0 85 96.5 175.4 65.2 54.1 2465 110 3.15 3.58 9 101 5800 24 28
1 1 107 96.5 169.1 66 51 2293 110 3.15 3.58 9.1 100 5500 25 31
0 0 145 113 199.6 69.6 52.8 4066 258 3.63 4.17 8.1 176 4750 15 19
1 1 104 93.1 159.1 64.2 54.1 1890 91 3.03 3.15 9 68 5000 30 31
1 1 104 93.1 159.1 64.2 54.1 1900 91 3.03 3.15 9 68 5000 31 38
1 1 104 93.1 159.1 64.2 54.1 1905 91 3.03 3.15 9 68 5000 31 38
1 1 113 93.1 166.8 64.2 54.1 1945 91 3.03 3.15 9 68 5000 31 38
1 1 113 93.1 166.8 64.2 54.1 1950 91 3.08 3.15 9 68 5000 31 38
1 1 129 98.8 177.8 66.5 53.7 2385 122 3.39 3.39 8.6 84 4800 26 32
1 0 115 98.8 177.8 66.5 55.5 2410 122 3.39 3.39 8.6 84 4800 26 32
1 1 129 98.8 177.8 66.5 53.7 2385 122 3.39 3.39 8.6 84 4800 26 32
1 0 115 98.8 177.8 66.5 55.5 2410 122 3.39 3.39 8.6 84 4800 26 32
1 0 115 98.8 177.8 66.5 55.5 2425 122 3.39 3.39 8.6 84 4800 26 32
0 0 118 104.9 175 66.1 54.4 2670 140 3.76 3.16 8 120 5000 19 27
0 -1 93 110 190.9 70.3 56.5 3515 183 3.58 3.64 21.5 123 4350 22 25
0 -1 93 110 190.9 70.3 58.7 3750 183 3.58 3.64 21.5 123 4350 22 25
0 0 93 106.7 187.5 70.3 54.9 3495 183 3.58 3.64 21.5 123 4350 22 25
0 -1 93 115.6 202.6 71.7 56.3 3770 183 3.58 3.64 21.5 123 4350 22 25
0 3 142 96.6 180.3 70.5 50.8 3685 234 3.46 3.1 8.3 155 4750 16 18
1 2 161 93.7 157.3 64.4 50.8 1918 92 2.97 3.23 9.4 68 5500 37 41
1 2 161 93.7 157.3 64.4 50.8 1944 92 2.97 3.23 9.4 68 5500 31 38
1 2 161 93.7 157.3 64.4 50.8 2004 92 2.97 3.23 9.4 68 5500 31 38
1 1 161 93 157.3 63.8 50.8 2145 98 3.03 3.39 7.6 102 5500 24 30
1 3 153 96.3 173 65.4 49.4 2370 110 3.17 3.46 7.5 116 5500 23 30
1 3 153 96.3 173 65.4 49.4 2328 122 3.35 3.46 8.5 88 5000 25 32
1 1 125 96.3 172.4 65.4 51.6 2365 122 3.35 3.46 8.5 88 5000 25 32
1 1 125 96.3 172.4 65.4 51.6 2405 122 3.35 3.46 8.5 88 5000 25 32
1 1 125 96.3 172.4 65.4 51.6 2403 110 3.17 3.46 7.5 116 5500 23 30
1 -1 137 96.3 172.4 65.4 51.6 2403 110 3.17 3.46 7.5 116 5500 23 30
1 1 128 94.5 165.3 63.8 54.5 1889 97 3.15 3.29 9.4 69 5200 31 37
1 1 128 94.5 165.3 63.8 54.5 2017 103 2.99 3.47 21.9 55 4800 45 50
1 1 128 94.5 165.3 63.8 54.5 1918 97 3.15 3.29 9.4 69 5200 31 37
1 1 122 94.5 165.3 63.8 54.5 1938 97 3.15 3.29 9.4 69 5200 31 37
1 1 103 94.5 170.2 63.8 53.5 2024 97 3.15 3.29 9.4 69 5200 31 37
1 1 128 94.5 165.3 63.8 54.5 1951 97 3.15 3.29 9.4 69 5200 31 37
1 1 128 94.5 165.6 63.8 53.3 2028 97 3.15 3.29 9.4 69 5200 31 37
1 1 122 94.5 165.3 63.8 54.5 1971 97 3.15 3.29 9.4 69 5200 31 37
1 1 103 94.5 170.2 63.8 53.5 2037 97 3.15 3.29 9.4 69 5200 31 37
1 2 168 95.1 162.4 63.8 53.3 2008 97 3.15 3.29 9.4 69 5200 31 37
1 0 106 97.2 173.4 65.2 54.7 2324 120 3.33 3.47 8.5 97 5200 27 34
1 0 106 97.2 173.4 65.2 54.7 2302 120 3.33 3.47 8.5 97 5200 27 34
0 0 128 100.4 181.7 66.5 55.1 3095 181 3.43 3.27 9 152 5200 17 22
0 0 108 100.4 184.6 66.5 56.1 3296 181 3.43 3.27 9 152 5200 17 22
0 0 108 100.4 184.6 66.5 55.1 3060 181 3.43 3.27 9 152 5200 19 25
0 3 194 91.3 170.7 67.9 49.7 3071 181 3.43 3.27 9 160 5200 19 25
0 3 194 91.3 170.7 67.9 49.7 3139 181 3.43 3.27 7.8 200 5200 17 23
0 1 231 99.2 178.5 67.9 49.7 3139 181 3.43 3.27 9 160 5200 19 25
0 0 161 107.9 186.7 68.4 56.7 3020 120 3.46 3.19 8.4 97 5000 19 24
0 0 161 107.9 186.7 68.4 56.7 3197 152 3.7 3.52 21 95 4150 28 33
0 0 161 107.9 186.7 68.4 56.7 3075 120 3.46 2.19 8.4 95 5000 19 24
0 0 161 107.9 186.7 68.4 56.7 3252 152 3.7 3.52 21 95 4150 28 33
0 0 161 107.9 186.7 68.4 56.7 3075 120 3.46 3.19 8.4 97 5000 19 24
0 0 161 107.9 186.7 68.4 56.7 3252 152 3.7 3.52 21 95 4150 28 33
0 0 161 108 186.7 68.3 56 3130 134 3.61 3.21 7 142 5600 18 24
1 1 119 93.7 157.3 63.8 50.8 1918 90 2.97 3.23 9.4 68 5500 37 41
1 1 119 93.7 157.3 63.8 50.8 2128 98 3.03 3.39 7.6 102 5500 24 30
1 1 154 93.7 157.3 63.8 50.6 1967 90 2.97 3.23 9.4 68 5500 31 38
1 1 154 93.7 167.3 63.8 50.8 1989 90 2.97 3.23 9.4 68 5500 31 38
1 1 154 93.7 167.3 63.8 50.8 2191 98 2.97 3.23 9.4 68 5500 31 38
1 -1 74 103.3 174.6 64.6 59.8 2535 122 3.35 3.46 8.5 88 5000 24 30
0 3 186 94.5 168.9 68.3 50.2 2778 151 3.94 3.11 9.5 143 5500 19 27
0 3 150 99.1 186.6 66.5 56.1 2658 121 3.54 3.07 9.31 110 5250 21 28
0 2 104 99.1 186.6 66.5 56.1 2695 121 3.54 3.07 9.3 110 5250 21 28
0 3 150 99.1 186.6 66.5 56.1 2707 121 2.54 2.07 9.3 110 5250 21 28
0 2 104 99.1 186.6 66.5 56.1 2758 121 3.54 3.07 9.3 110 5250 21 28
0 3 150 99.1 186.6 66.5 56.1 2808 121 3.54 3.07 9 160 5500 19 26
0 2 104 99.1 186.6 66.5 56.1 2847 121 3.54 3.07 9 160 5500 19 26
1 2 83 93.7 156.9 63.4 53.7 2050 97 3.62 2.36 9 69 4900 31 36
1 2 83 93.7 157.9 63.6 53.7 2120 108 3.62 2.64 8.7 73 4400 26 31
1 2 83 93.3 157.3 63.8 55.7 2240 108 3.62 2.64 8.7 73 4400 26 31
