0 9 4 1000 65
0 25 6 1500 50
1 16 3 750 21
0 11 1 250 11
0 4 7 1750 58
0 12 9 2250 60
0 4 5 1250 58
0 11 6 1500 27
0 14 2 500 29
0 4 2 500 4
0 4 2 500 23
0 13 8 2000 26
0 23 8 2000 64
0 0 8 2000 59
1 2 8 2000 35
1 2 5 1250 16
0 16 1 250 16
0 16 1 250 16
0 16 10 2500 89
0 2 2 500 11
0 3 17 4250 86
0 2 2 500 33
0 16 2 500 27
0 13 3 750 16
1 14 4 1000 23
0 4 14 3500 86
0 9 2 500 11
0 14 4 1000 26
0 11 4 1000 28
0 2 4 1000 35
0 72 1 250 72
1 4 6 1500 16
0 11 2 500 17
0 14 3 750 26
0 2 4 1000 26
0 4 1 250 4
0 2 4 1000 16
0 14 2 500 14
1 4 5 1250 16
0 2 1 250 2
1 4 17 4250 71
0 21 1 250 21
0 11 6 1500 58
0 4 1 250 4
0 11 24 6000 64
0 11 2 500 25
0 21 3 750 35
0 38 1 250 38
0 4 14 3500 40
0 11 9 2250 33
1 4 9 2250 38
0 11 6 1500 71
0 2 2 500 11
0 2 4 1000 43
0 23 4 1000 45
1 2 1 250 2
0 16 10 2500 62
0 2 10 2500 52
0 21 3 750 64
0 23 1 250 23
0 16 15 3750 87
0 39 1 250 39
0 2 16 4000 81
1 11 17 4250 79
1 11 3 750 40
0 8 10 2500 63
1 5 46 11500 98
0 4 3 750 24
0 13 7 1750 76
0 11 11 2750 42
0 4 7 1750 52
0 23 14 3500 93
0 21 1 250 21
1 4 9 2250 28
0 14 6 1500 34
0 16 2 500 70
0 11 4 1000 74
0 4 4 1000 41
0 23 3 750 89
0 14 3 750 83
0 4 11 2750 95
0 16 1 250 16
0 11 3 750 26
0 23 1 250 23
0 14 3 750 31
0 4 1 250 4
0 4 2 500 46
0 2 1 250 2
0 2 6 1500 75
0 2 1 250 2
0 4 6 1500 47
0 11 5 1250 41
0 2 1 250 2
0 2 4 1000 16
0 16 1 250 16
0 4 1 250 4
0 23 4 1000 87
0 16 1 250 16
0 2 6 1500 47
0 2 2 500 10
