1 4.5397 4.7827 4.1418 4.1677 4.2543 4.1974 4.2645
1 3.8246 4.6783 4.1518 4.1781 4.2883 4.2362 4.2353
1 4.1421 4.0774 4.2826 4.3865 4.25 4.261 4.2096
0 4.15 4.4447 4.4222 4.1056 4.1626 4.2638 4.2323
0 4.6285 4.1899 4.1705 4.1204 4.1587 4.1849 4.2643
0 4.227 3.9687 4.0708 4.21 4.1969 4.2056 4.2248
0 4.2296 4.3043 4.3373 4.1941 4.2432 4.2329 4.2197
0 4.4571 4.0514 4.0733 4.1947 4.254 4.2792 4.2353
1 4.299 4.3344 4.3466 4.1872 4.1623 4.2253 4.2257
0 4.2393 4.3281 4.2631 4.2578 4.1936 4.1971 4.2372
0 3.9214 4.1378 4.051 4.196 4.1886 4.2214 4.2157
1 4.5691 4.1628 4.27 4.2361 4.2613 4.23 4.2703
0 4.2415 4.2277 4.2717 4.3053 4.258 4.2518 4.1987
0 4.1257 4.0837 4.2233 4.1953 4.2513 4.1994 4.2303
0 3.8599 4.3695 4.2591 4.1873 4.2668 4.1948 4.2711
1 4.1305 3.9502 4.2494 4.1721 4.1791 4.2394 4.243
0 4.2911 4.4826 4.1543 4.1726 4.3372 4.2791 4.2379
0 4.5031 4.1716 4.255 4.2196 4.2478 4.2025 4.216
1 4.2653 4.217 4.1155 4.4011 4.2002 4.1649 4.1924
1 4.2063 4.4241 4.3534 4.1537 4.1906 4.2241 4.2647
1 4.2916 4.4019 4.2223 4.2958 4.2683 4.1599 4.2505
0 4.2129 4.0796 4.2558 4.2685 4.3436 4.2415 4.2266
1 4.4929 3.9924 4.3543 4.2061 4.2957 4.1848 4.226
1 4.2489 4.2424 4.2815 4.291 4.3179 4.269 4.2613
1 4.201 4.4327 4.4956 4.3481 4.3732 4.2924 4.2435
0 3.8787 4.2447 4.0713 4.215 4.2176 4.2378 4.2133
0 3.9866 4.0578 4.1901 4.3063 4.1926 4.2903 4.197
0 4.6023 4.2137 4.3151 4.2537 4.1817 4.3262 4.2266
0 4.4559 4.6347 4.4439 4.1826 4.1939 4.2525 4.2204
1 4.1478 4.4424 4.0173 4.1812 4.148 4.237 4.2232
1 4.0244 4.4069 4.1291 4.1932 4.2337 4.1765 4.1908
1 3.9219 4.3123 4.2243 4.2807 4.1944 4.2387 4.2626
0 4.018 4.4023 4.3051 4.3057 4.3471 4.2749 4.2306
1 4.2028 4.1533 4.2539 4.2177 4.1939 4.2417 4.2466
1 4.4209 4.2932 4.37 4.0835 4.2195 4.2224 4.1857
1 4.4055 4.1824 4.3541 4.1659 4.1635 4.2208 4.2408
1 4.0355 4.3802 4.3377 4.1955 4.1893 4.2376 4.2519
0 4.0886 4.2718 4.1226 4.1359 4.2229 4.2347 4.2502
1 4.1957 4.335 4.2844 4.2286 4.151 4.224 4.2419
0 4.2447 3.9732 4.2382 4.2404 4.152 4.2496 4.2182
1 4.3799 4.3167 4.4251 4.1161 4.3111 4.2383 4.1994
0 3.9243 4.6437 4.014 4.2144 4.1632 4.3141 4.2877
0 4.242 4.4129 4.4468 4.3673 4.3767 4.2233 4.2188
1 4.0677 4.1201 4.1706 4.2491 4.2141 4.2675 4.2621
1 3.8949 4.1671 4.3173 4.4257 4.2655 4.1928 4.259
1 4.222 4.2716 4.5153 4.2785 4.1514 4.2737 4.2399
0 3.9763 4.2155 4.3614 4.374 4.2692 4.2438 4.2429
0 3.9935 4.0693 4.212 4.1615 4.269 4.2497 4.2169
0 4.0613 4.3139 4.2561 4.066 4.2812 4.2221 4.1903
0 4.3795 4.3514 4.0675 4.1771 4.2784 4.2252 4.2568
1 4.2415 4.2381 4.1232 4.1204 4.2262 4.2904 4.1916
1 4.1943 4.406 4.2815 4.0351 4.2305 4.1856 4.1594
0 4.3819 4.1962 3.9573 4.1149 4.2521 4.2553 4.2027
1 4.3517 4.2645 4.2496 4.2192 4.282 4.2255 4.1985
1 4.2776 4.2335 4.2638 4.2235 4.2277 4.1915 4.2934
1 4.6235 4.0302 4.1919 4.2832 4.2344 4.1437 4.2433
1 4.5983 4.438 4.2398 4.2191 4.2277 4.2214 4.2605
0 4.6089 4.3355 4.186 4.3611 4.1606 4.2422 4.291
0 4.0633 4.5346 4.2379 4.151 4.1981 4.2828 4.1903
1 4.2257 4.4284 4.4126 4.3783 4.2397 4.1993 4.1976
0 4.3125 4.3922 4.3823 4.2087 4.2221 4.2728 4.1711
0 4.2285 3.9482 4.1759 4.2639 4.2359 4.1934 4.2173
1 4.4609 4.2552 4.1434 4.172 4.2071 4.2268 4.1802
0 4.5368 4.047 4.1432 4.1717 4.15 4.2187 4.2108
1 4.4139 4.36 4.2767 4.1525 4.3269 4.2162 4.2191
0 4.2611 4.1654 4.3165 4.1877 4.2319 4.2958 4.2557
1 3.7709 4.4665 4.2622 4.2962 4.1474 4.2387 4.2613
0 4.3551 4.362 4.0358 4.1755 4.3185 4.2507 4.2051
1 4.1421 3.9292 4.0306 4.1671 4.2671 4.2319 4.2602
1 4.0657 4.2363 4.3642 4.2904 4.2276 4.3037 4.2762
1 2.7143 4.2536 4.2422 4.1862 4.1574 4.2206 4.2134
0 4.4546 4.245 4.2598 4.4312 4.2659 4.2957 4.2631
1 3.9569 3.9779 4.3941 4.2354 4.1933 4.2022 4.2183
0 4.7661 4.4747 4.3292 4.2031 4.2571 4.1832 4.2138
1 4.1092 4.2288 4.4048 4.3527 4.1789 4.2323 4.2012
0 4.1424 4.1896 4.2697 3.9739 4.3122 4.2905 4.2482
0 4.3709 4.3451 4.2195 4.2863 4.1597 4.1987 4.2184
0 4.4696 4.5222 4.3918 4.3667 4.2195 4.2041 4.2339
0 4.2237 4.3788 4.1149 4.2017 4.2172 4.1899 4.2175
1 3.8186 3.999 4.2193 4.2195 4.261 4.2165 4.2448
0 4.4181 4.0252 3.9968 4.3867 4.1797 4.2447 4.1923
1 4.5344 4.4239 4.2563 4.1778 4.3294 4.2268 4.2371
0 4.6529 4.1325 4.2431 4.2968 4.2722 4.1748 4.1965
1 4.3597 4.2653 4.2064 4.2291 4.2776 4.2339 4.258
1 4.1091 4.2866 4.0757 4.3544 4.1918 4.1765 4.2477
1 4.143 4.2643 4.0441 4.2936 4.1608 4.2431 4.2309
1 4.4957 4.2975 4.1621 4.1669 4.2437 4.1808 4.188
0 4.3352 4.4105 4.2002 4.1589 4.2221 4.2045 4.2488
1 4.1362 4.1735 4.0716 4.221 4.2272 4.2784 4.2052
1 4.2126 4.4446 4.1545 4.3068 4.2237 4.2085 4.1828
0 3.841 4.3928 4.3435 4.1378 4.1769 4.251 4.2585
1 4.1332 4.1337 4.3806 4.1476 4.2218 4.2717 4.2396
1 4.4586 4.2365 4.3006 4.2629 4.174 4.2543 4.21
0 4.2767 4.4357 4.41 4.0171 4.2468 4.1619 4.2278
0 4.1555 4.4876 4.2782 4.3126 4.194 4.1713 4.2128
1 3.9774 4.1096 4.2269 4.4313 4.2269 4.2836 4.2366
0 3.7954 4.0229 4.1553 4.1779 4.1254 4.2239 4.261
1 4.2354 4.3218 4.2177 4.3173 4.2025 4.2765 4.2663
1 4.4567 4.3689 4.3752 4.2901 4.3147 4.2045 4.1822
0 4.0853 4.4784 4.2431 4.2365 4.2054 4.2548 4.2448
