1 1 15600
0 1 14650
1 1 15001
1 1 15628
1 1 14222
0 1 14222
0 1 15065
0 1 14916
0 1 14477
1 1 14308
0 1 14239
0 1 14202
1 1 12978
1 1 14511
0 1 13726
0 1 13555
1 1 13544
0 1 13723
1 1 13293
0 1 14333
1 1 13050
1 1 13207
0 1 13501
1 1 12548
0 1 13224
1 2 16423
0 2 15156
0 2 15973
0 2 14576
0 2 15361
0 2 14288
0 2 14711
0 2 14259
0 2 14290
0 2 13833
0 2 14033
0 2 12963
0 2 14255
1 2 12614
0 2 13175
1 2 12595
0 2 12219
0 3 22331
0 3 17063
0 3 15851
1 3 16113
0 3 15448
1 3 15421
1 3 15434
1 3 13597
0 3 15278
1 3 14724
0 3 15275
1 3 14450
1 3 14803
0 3 14033
0 3 14587
0 3 14201
1 3 13977
1 3 14570
1 3 14231
1 3 12890
0 3 14516
0 3 14039
0 3 14136
1 3 13505
1 3 12714
0 3 14371
0 3 13762
1 3 13669
0 3 13602
1 3 13721
1 3 13297
0 3 12948
0 4 22934
1 4 17819
0 4 18266
0 4 17188
0 4 16960
0 4 16040
1 4 16719
0 4 16457
1 4 15617
0 4 15705
1 4 15680
0 4 15756
0 4 15593
0 4 14099
0 4 13628
1 4 15556
0 4 14973
0 4 14874
1 4 13659
0 4 13554
0 4 13994
0 4 13685
1 4 13626
0 4 13240
1 4 12784
0 5 24161
