1 1 6 1 6 1169 4 3 4 3 2 4 3 67 1 1 2 1 1 1 1
0 0 48 3 6 5951 2 0 2 0 2 2 3 22 1 1 1 1 1 0 1
1 3 12 1 2 2096 2 1 2 3 2 3 3 49 1 1 1 3 2 0 1
1 1 42 3 3 7882 2 1 2 3 1 4 1 45 1 0 1 1 2 0 1
0 1 24 2 4 4870 2 0 3 3 2 4 2 53 1 0 2 1 2 0 1
1 3 36 3 2 9055 4 0 2 3 2 4 2 35 1 0 1 3 2 1 1
1 3 24 3 3 2835 1 3 3 3 2 4 1 53 1 1 1 1 1 0 1
1 0 36 3 9 6948 2 0 2 3 2 2 0 35 1 2 1 0 1 1 1
1 3 12 3 6 3059 3 1 2 1 2 4 3 61 1 1 1 3 1 0 1
0 0 30 1 4 5234 2 4 4 2 2 2 0 28 1 1 2 0 1 0 1
0 0 12 3 4 1295 2 2 3 0 2 1 0 25 1 2 1 1 1 0 1
0 1 48 3 0 4308 2 2 3 0 2 4 1 24 1 2 1 1 1 0 1
1 0 12 3 6 1567 2 0 1 0 2 1 0 22 1 1 1 1 1 1 1
0 1 24 1 4 1199 2 3 4 3 2 4 0 60 1 1 2 3 1 0 1
1 1 15 3 4 1403 2 0 2 0 2 4 0 28 1 2 1 1 1 0 1
0 1 24 3 6 1282 0 0 4 0 2 2 0 32 1 1 1 3 1 0 1
1 3 24 1 6 2424 4 3 4 3 2 4 1 53 1 1 2 1 1 0 1
1 1 30 4 0 8072 4 2 2 3 2 3 0 25 0 1 3 1 1 0 1
0 0 24 3 9 12579 2 3 4 0 2 2 2 44 1 0 1 0 1 1 1
1 3 24 3 6 3430 1 3 3 3 2 2 0 31 1 1 1 1 2 1 1
1 3 9 1 4 2134 2 0 4 3 2 4 0 48 1 1 3 1 1 1 1
1 1 6 3 6 2647 1 0 2 3 2 3 3 44 1 2 1 1 2 0 1
1 1 10 1 4 2241 2 2 1 3 2 3 3 48 1 2 2 3 2 0 0
1 0 12 1 9 1804 0 2 3 3 2 4 1 44 1 1 1 1 1 0 1
1 3 10 1 3 2069 4 0 2 2 2 1 0 26 1 1 2 1 1 0 0
1 1 6 3 3 1374 2 0 1 3 2 2 3 36 0 1 1 3 1 1 1
1 3 6 4 6 426 2 3 4 2 2 4 0 39 1 1 1 3 1 0 1
1 2 12 0 6 409 3 0 3 0 2 3 3 42 1 2 2 1 1 0 1
1 0 7 3 6 2415 2 0 3 3 1 2 3 34 1 1 1 1 1 0 1
0 1 60 2 0 6836 2 3 3 3 2 4 2 63 1 1 2 1 1 1 1
1 0 18 3 0 1913 3 2 3 2 2 3 3 36 0 1 1 1 1 1 1
1 1 24 3 3 4020 2 0 2 3 2 2 0 27 2 1 1 1 1 0 1
1 0 18 3 4 5866 0 0 2 3 2 2 0 30 1 1 2 1 1 1 1
1 3 12 1 0 1264 4 3 4 3 2 4 2 57 1 2 1 3 1 0 1
1 2 12 3 3 1474 2 2 4 0 2 1 1 33 0 1 1 0 1 1 1
0 0 45 1 6 4746 2 2 4 3 2 2 1 25 1 1 2 3 1 0 1
1 3 48 1 2 6110 2 0 1 3 2 3 2 31 0 0 1 1 1 1 1
0 2 18 3 6 2100 2 0 4 3 0 2 3 37 2 1 1 1 1 0 1
1 2 10 3 1 1225 2 0 2 3 2 2 0 37 1 1 1 1 1 1 1
1 0 9 3 6 458 2 0 4 3 2 3 3 24 1 1 1 1 1 0 1
1 3 30 3 6 2333 1 3 4 3 2 2 0 30 0 1 1 0 1 0 1
1 0 12 3 6 1158 1 0 3 1 2 1 0 26 1 1 1 1 1 1 1
1 0 18 2 7 6204 2 0 2 3 2 4 3 44 1 1 1 3 2 1 1
1 1 30 1 9 6187 0 1 1 2 2 4 0 24 1 2 2 1 1 0 1
0 1 48 1 9 6143 2 3 4 0 2 4 2 58 2 0 2 3 1 0 1
1 3 11 1 4 1393 2 2 4 0 2 4 0 35 1 1 2 0 1 0 1
1 3 36 3 6 2299 1 3 4 3 2 4 0 39 1 1 1 1 1 0 1
1 1 6 3 9 1352 1 4 1 0 2 2 1 23 1 2 1 2 1 1 1
1 3 11 1 4 7228 2 0 1 3 2 4 1 39 1 1 2 3 1 0 1
1 3 12 3 6 2073 0 0 4 0 0 2 3 28 1 1 1 1 1 0 1
1 0 24 2 3 2333 4 2 4 3 2 2 1 29 0 1 1 3 1 0 1
1 0 27 2 9 5965 2 3 1 3 2 2 0 30 1 1 2 0 1 1 1
1 3 12 3 6 1262 2 0 3 3 2 2 0 25 1 1 1 1 1 0 1
1 3 18 3 9 3378 4 0 2 3 2 1 1 31 1 1 1 1 1 1 1
0 0 36 2 4 2225 2 3 4 3 2 4 2 57 0 0 2 1 1 1 1
1 3 6 0 4 783 4 0 1 3 1 2 3 26 2 1 1 3 2 0 1
0 0 12 3 6 6468 4 4 2 3 2 1 2 52 1 1 1 0 1 1 1
1 3 36 1 6 9566 2 0 2 0 2 2 0 31 2 1 2 1 1 0 1
1 2 18 3 4 1961 2 3 3 0 2 2 0 23 1 1 1 0 1 0 1
0 1 36 1 3 6229 2 2 4 0 0 4 2 23 1 2 2 3 1 1 1
1 0 9 3 0 1391 2 0 2 2 2 1 3 27 0 1 1 1 1 1 1
1 0 15 1 6 1537 4 3 4 3 1 4 3 50 1 1 2 1 1 1 1
0 0 36 4 0 1953 2 3 4 3 2 4 2 61 1 0 1 0 1 1 1
0 0 48 4 0 14421 2 0 2 3 2 2 0 25 1 1 1 1 1 1 1
1 3 24 3 6 3181 2 2 4 0 2 4 1 26 1 1 1 1 1 1 1
1 3 27 3 7 5190 4 3 4 3 2 4 1 48 1 1 4 1 2 1 1
1 3 12 3 6 2171 2 2 2 0 2 2 0 29 0 1 1 1 1 0 1
1 0 12 3 4 1007 3 0 4 2 2 1 3 22 1 1 1 1 1 0 1
0 3 36 3 2 1819 2 0 4 3 2 4 2 37 2 0 1 1 1 1 1
1 3 36 3 6 2394 4 0 4 0 2 4 0 25 1 1 1 1 1 0 1
1 3 36 3 9 8133 2 0 1 0 2 2 1 30 0 1 1 1 1 0 1
1 3 7 1 6 730 4 3 4 3 2 2 1 46 1 2 2 3 1 1 1
1 1 8 1 5 1164 2 3 3 3 2 4 2 51 0 0 2 0 2 1 1
1 0 42 1 0 5954 2 1 2 0 2 1 3 41 0 1 2 3 1 0 1
0 1 36 3 2 1977 4 3 4 3 2 4 2 40 1 1 1 0 1 1 1
1 1 12 1 9 1526 2 3 4 3 2 4 2 66 1 0 2 0 1 0 1
0 1 42 3 6 3965 2 2 4 3 2 3 0 34 1 1 1 1 1 0 1
1 0 11 2 6 4771 2 1 2 3 2 4 1 51 1 1 1 1 1 0 1
1 3 54 4 9 9436 4 0 2 3 2 2 1 39 1 1 1 3 2 0 1
1 0 30 3 3 3832 2 2 2 2 2 1 1 22 1 1 1 1 1 0 1
0 3 24 3 6 5943 4 2 1 0 2 1 0 44 1 1 2 1 1 1 1
1 3 15 3 6 1213 1 3 4 3 2 3 1 47 2 1 1 1 1 1 1
1 3 18 3 0 1568 0 0 3 0 2 4 1 24 1 2 1 3 1 0 1
1 1 24 3 5 1755 2 3 4 0 1 4 3 58 1 1 1 3 1 1 1
1 1 10 3 6 2315 2 3 3 3 2 4 3 52 1 1 1 3 1 0 1
1 3 12 1 0 1412 2 0 4 0 1 2 3 29 1 1 2 0 1 1 1
1 0 18 1 3 1295 2 2 4 0 2 1 1 27 1 1 2 1 1 0 1
0 0 36 3 2 12612 0 0 1 3 2 4 2 47 1 0 1 1 2 1 1
1 1 18 3 4 2249 0 1 4 3 2 3 0 30 1 1 1 0 2 1 1
0 1 12 4 7 1108 2 1 4 3 2 3 3 28 1 1 2 1 1 0 1
1 3 12 1 6 618 2 3 4 3 2 4 3 56 1 1 1 1 1 0 1
1 1 12 1 9 1409 2 3 4 3 2 3 3 54 1 1 1 1 1 0 1
0 3 12 1 6 797 4 3 4 0 2 3 1 33 0 1 1 3 2 0 1
1 2 24 1 3 3617 4 3 4 3 0 4 2 20 1 2 2 1 1 0 1
1 0 12 3 4 1318 3 3 4 3 2 4 3 54 1 1 1 1 1 1 1
0 0 54 4 0 15945 2 2 3 3 2 4 2 58 1 2 1 1 1 1 1
1 3 12 1 2 2012 4 1 4 0 2 2 0 61 1 1 1 1 1 0 1
1 0 18 3 0 2622 0 0 4 3 2 4 0 34 1 1 1 1 1 0 1
1 0 36 1 6 2337 2 3 4 3 2 4 3 36 1 1 1 1 1 0 1
1 0 20 2 9 7057 4 1 3 3 2 4 1 36 0 2 2 0 2 1 1
