1 1 18 4 2 1049 1 2 4 2 1 4 2 21 3 1 1 3 1 1 1
1 1 9 4 0 2799 1 3 2 3 1 2 1 36 3 1 2 3 2 1 1
1 2 12 2 9 841 2 4 2 2 1 4 1 23 3 1 1 2 1 1 1
1 1 12 4 0 2122 1 3 3 3 1 2 1 39 3 1 2 2 2 1 2
1 1 12 4 0 2171 1 3 4 3 1 4 2 38 1 2 2 2 1 1 2
1 1 10 4 0 2241 1 2 1 3 1 3 1 48 3 1 2 2 2 1 2
1 1 8 4 0 3398 1 4 1 3 1 4 1 39 3 2 2 2 1 1 2
1 1 6 4 0 1361 1 2 2 3 1 4 1 40 3 2 1 2 2 1 2
1 4 18 4 3 1098 1 1 4 2 1 4 3 65 3 2 2 1 1 1 1
1 2 24 2 3 3758 3 1 1 2 1 4 4 23 3 1 1 1 1 1 1
1 1 11 4 0 3905 1 3 2 3 1 2 1 36 3 1 2 3 2 1 1
1 1 30 4 1 6187 2 4 1 4 1 4 3 24 3 1 2 3 1 1 1
1 1 6 4 3 1957 1 4 1 2 1 4 3 31 3 2 1 3 1 1 1
1 2 48 3 10 7582 2 1 2 3 1 4 4 31 3 2 1 4 1 2 1
1 1 18 2 3 1936 5 4 2 4 1 4 3 23 3 1 2 2 1 1 1
1 1 6 2 3 2647 3 3 2 3 1 3 1 44 3 1 1 3 2 1 1
1 1 11 4 0 3939 1 3 1 3 1 2 1 40 3 2 2 2 2 1 1
1 2 18 2 3 3213 3 2 1 4 1 3 1 25 3 1 1 3 1 1 1
1 2 36 4 3 2337 1 5 4 3 1 4 1 36 3 2 1 3 1 1 1
1 4 11 4 0 7228 1 3 1 3 1 4 2 39 3 2 2 2 1 1 1
1 1 6 4 0 3676 1 3 1 3 1 3 1 37 3 1 3 3 2 1 1
1 2 12 4 0 3124 1 2 1 3 1 3 1 49 1 2 2 2 2 1 1
0 2 36 2 5 2384 1 2 4 3 1 1 4 33 3 1 1 2 1 1 1
1 2 12 4 4 1424 1 4 4 3 1 3 2 26 3 2 1 3 1 1 1
1 1 6 4 0 4716 5 2 1 3 1 3 1 44 3 2 2 2 2 1 1
1 2 11 3 3 4771 1 4 2 3 1 4 2 51 3 2 1 3 1 1 1
1 1 12 2 2 652 1 5 4 2 1 4 2 24 3 1 1 3 1 1 1
1 2 9 4 3 1154 1 5 2 3 1 4 1 37 3 2 3 2 1 1 1
1 4 15 2 0 3556 5 3 3 3 1 2 4 29 3 2 1 3 1 1 1
1 3 42 4 1 4796 1 5 4 3 1 4 4 56 3 3 1 3 1 1 1
1 3 30 4 3 3017 1 5 4 3 1 4 2 47 3 2 1 3 1 1 1
1 4 36 4 0 3535 1 4 4 3 1 4 3 37 3 2 2 3 1 2 1
1 4 36 4 0 6614 1 5 4 3 1 4 3 34 3 2 2 4 1 2 1
1 4 24 2 3 1376 3 4 4 2 1 1 3 28 3 2 1 3 1 1 1
1 1 15 2 0 1721 1 2 2 3 1 3 1 36 3 2 1 3 1 1 1
1 1 6 4 0 860 1 5 1 2 1 4 4 39 3 2 2 3 1 2 1
1 4 12 4 0 1495 1 5 4 3 1 1 1 38 3 2 2 2 2 1 1
1 4 12 4 3 1934 1 5 2 3 1 2 4 26 3 2 2 3 1 1 1
1 4 18 2 1 3378 5 3 2 3 1 1 2 31 3 2 1 3 1 2 1
1 4 24 4 1 3868 1 5 4 2 1 2 3 41 3 1 2 4 1 2 1
1 4 12 4 5 996 5 4 4 2 1 4 1 23 3 2 2 3 1 1 1
1 1 24 2 10 1755 1 5 4 2 3 4 1 58 3 2 1 2 1 2 1
1 4 18 4 0 1028 1 3 4 2 1 3 1 36 3 2 2 3 1 1 1
1 2 24 4 9 2825 5 4 4 3 1 3 4 34 3 2 2 3 2 2 1
1 2 18 2 6 1239 5 3 4 3 1 4 4 61 3 3 1 3 1 1 1
0 1 18 2 0 1216 1 2 4 2 1 3 3 23 3 1 1 3 1 2 1
1 4 24 2 9 1258 1 4 4 3 1 1 1 25 3 2 1 3 1 2 1
0 4 18 4 6 1864 2 3 4 2 1 2 1 30 3 2 2 3 1 1 1
1 4 24 2 0 1474 2 2 4 4 1 3 1 33 3 2 1 3 1 2 1
1 1 24 4 9 1382 2 4 4 3 1 1 1 26 3 2 2 3 1 2 1
1 4 12 2 0 640 1 3 4 1 1 2 1 49 3 2 1 2 1 1 1
1 3 36 2 3 3919 1 3 2 3 1 2 1 23 3 2 1 3 1 2 1
1 4 9 4 0 1224 1 3 3 3 1 1 1 30 3 2 2 3 1 1 1
1 4 12 4 3 2331 5 5 1 3 2 4 1 49 3 2 1 3 1 2 1
1 4 24 2 1 6313 5 5 3 3 1 4 3 41 3 2 1 4 2 2 1
1 1 12 4 3 385 1 4 4 2 1 3 1 58 3 2 4 2 1 2 1
1 4 12 4 3 1655 1 5 2 3 1 4 1 63 3 2 2 2 1 2 1
1 1 15 2 3 1053 1 2 4 4 1 2 1 27 3 2 1 3 1 1 2
1 4 21 2 3 3160 5 5 4 3 1 3 2 41 3 2 1 3 1 2 1
1 4 36 2 0 3079 5 3 4 3 1 4 1 36 3 2 1 3 1 1 1
1 4 12 4 0 1163 3 3 4 3 1 4 1 44 3 2 1 3 1 2 1
1 4 24 2 1 2679 1 2 4 2 1 1 4 29 3 2 1 4 1 2 1
1 4 48 4 3 3578 5 5 4 3 1 1 1 47 3 2 1 3 1 2 1
1 4 36 3 0 10875 1 5 2 3 1 2 3 45 3 2 2 3 2 2 1
1 1 12 3 0 1344 1 3 4 3 1 2 1 43 3 2 2 2 2 1 1
1 4 6 4 3 1237 2 3 1 2 1 1 2 27 3 2 2 3 1 1 1
1 4 12 2 3 3077 1 3 2 3 1 4 3 52 3 2 1 3 1 2 1
1 4 24 2 3 2284 1 4 4 3 1 2 3 28 3 2 1 3 1 2 1
1 2 12 2 3 1567 1 3 1 2 1 1 3 22 3 2 1 3 1 2 1
1 4 24 3 0 2032 1 5 4 3 1 4 4 60 3 3 2 3 1 2 1
1 2 21 4 2 2745 4 4 3 3 1 2 3 32 3 2 2 3 1 2 1
1 4 30 2 3 1867 5 5 4 3 1 4 3 58 3 2 1 3 1 2 1
1 4 36 2 3 2299 3 5 4 3 1 4 3 39 3 2 1 3 1 1 1
1 4 24 2 2 929 5 4 4 3 1 2 3 31 2 2 1 3 1 2 1
1 3 12 2 3 3399 5 5 2 3 1 3 3 37 3 2 1 4 1 1 1
1 2 9 2 2 2030 5 4 2 3 1 1 3 24 3 2 1 3 1 2 1
1 4 21 4 1 3275 1 5 1 3 1 4 3 36 3 2 1 4 1 2 1
1 4 24 4 0 1940 4 5 4 3 1 4 1 60 3 2 1 3 1 2 1
1 1 21 4 0 1602 1 5 4 4 1 3 3 30 3 2 2 3 1 2 1
1 4 15 2 3 1979 5 5 4 3 1 2 3 35 3 2 1 3 1 1 1
1 4 24 4 0 2022 1 3 4 2 1 4 3 37 3 2 1 3 1 2 1
1 4 36 4 3 3342 5 5 4 3 1 2 3 51 3 2 1 3 1 2 1
1 2 18 2 0 5866 2 3 2 3 1 2 3 30 3 2 2 3 1 2 1
1 3 15 4 1 2360 3 3 2 3 1 2 3 36 3 2 1 3 1 2 1
1 4 15 4 2 1520 5 5 4 3 1 4 2 63 3 2 1 3 1 1 1
1 1 12 2 0 3651 4 3 1 3 1 3 2 31 3 2 1 3 2 1 1
1 4 24 4 1 2346 1 4 4 3 1 3 3 35 3 2 2 3 1 2 1
1 4 36 3 3 4454 1 3 4 2 1 4 1 34 3 2 2 3 1 1 1
1 1 6 4 0 666 4 4 3 2 1 4 1 39 3 2 2 2 1 2 1
1 2 24 3 0 1965 5 3 4 2 1 4 3 42 3 1 2 3 1 2 1
1 2 12 4 0 1995 2 2 4 3 1 1 3 27 3 2 1 3 1 1 1
1 2 30 2 3 2991 5 5 2 2 1 4 3 25 3 2 1 3 1 1 1
1 2 30 0 9 4221 1 3 2 2 1 1 3 28 3 2 2 3 1 1 1
1 1 9 2 3 1364 1 4 3 3 1 4 1 59 3 2 1 3 1 1 1
1 2 18 4 2 6361 1 5 2 3 1 1 4 41 3 2 1 3 1 2 1
1 4 27 4 2 4526 4 2 4 3 1 2 1 32 2 2 2 2 2 2 1
1 2 12 4 3 3573 1 3 1 2 1 1 1 23 3 2 1 2 1 1 1
0 2 36 3 9 4455 1 3 2 1 1 2 1 30 2 2 2 4 1 2 1
1 1 9 2 2 2136 1 3 3 3 1 2 1 25 3 2 1 3 1 1 1
1 2 42 4 9 5954 1 4 2 2 1 1 1 41 1 2 2 2 1 1 1
