0 157 1 0.69
0 268 10 2.4
1 209 2 1.1
0 134 0.1 0.1
1 21 0.1 0.1
1 28 7 2.08
0 150 25 3.26
0 221 12 2.56
0 225 18 2.94
0 264 2 1.1
1 46 24 3.22
1 169 2 1.1
0 195 0.1 0.1
0 237 0.1 0.1
1 39 22 3.14
1 99 0.1 0.1
1 132 0.1 0.1
1 114 1 0.69
0 212 1 0.69
0 179 5 1.79
1 127 4 1.61
0 182 0.1 0.1
0 107 6 1.95
0 200 0.1 0.1
0 248 1 0.69
0 108 7 2.08
0 192 0.1 0.1
0 112 0.1 0.1
1 103 11 2.48
0 169 2 1.1
0 136 0.1 0.1
0 126 0.1 0.1
0 256 0.1 0.1
1 39 57 4.06
0 220 0.1 0.1
1 63 1 0.69
0 186 0.1 0.1
1 159 0.1 0.1
0 166 1 0.69
1 75 1 0.69
1 32 1 0.69
0 237 5 1.79
0 148 44 3.81
0 127 0.1 0.1
0 189 4 1.61
1 138 10 2.4
1 145 0.1 0.1
1 182 14 2.71
0 214 17 2.89
0 226 0.1 0.1
1 4 106 4.67
0 138 1 0.69
1 103 1 0.69
0 253 4 1.61
0 81 16 2.83
0 169 3 1.39
1 180 7 2.08
0 235 7 2.08
1 54 1 0.69
1 188 0.1 0.1
0 239 0.1 0.1
0 263 7 2.08
0 168 0.1 0.1
0 276 99 4.61
1 19 0.1 0.1
0 240 75 4.33
1 118 10 2.4
0 128 1 0.69
0 37 7 2.08
0 147 3 1.39
0 100 1 0.69
1 48 1 0.69
0 158 14 2.71
0 191 1 0.69
0 189 0.1 0.1
1 13 6 1.95
0 209 75 4.33
1 165 0.1 0.1
1 86 8 2.2
0 78 0.1 0.1
1 25 15 2.77
0 107 3 1.39
1 4 34 3.56
1 65 0.1 0.1
1 62 8 2.2
0 89 0.1 0.1
1 44 77 4.36
