0 50 5
0 40 5
0 30 5
0 20 5
0 10 5
0 0 5
0 -10 5
0 -20 5
0 -30 5
0 -40 5
1 -50 5
1 -60 5
0 50 10
0 40 10
0 30 10
0 20 10
0 10 10
0 0 10
0 -10 10
0 -20 10
1 -30 10
1 -40 10
1 -50 10
1 -60 10
0 50 15
0 40 15
0 30 15
0 20 15
0 10 15
0 0 15
0 -10 15
1 -20 15
1 -30 15
1 -40 15
1 -50 15
1 -60 15
0 50 20
0 40 20
0 30 20
0 20 20
0 10 20
0 0 20
1 -10 20
1 -20 20
1 -30 20
1 -40 20
1 -50 20
1 -60 20
0 50 25
0 40 25
0 30 25
0 20 25
0 10 25
0 0 25
1 -10 25
1 -20 25
1 -30 25
1 -40 25
1 -50 25
1 -60 25
0 50 30
0 40 30
0 30 30
0 20 30
0 10 30
0 0 30
1 -10 30
1 -20 30
1 -30 30
1 -40 30
1 -50 30
1 -60 30
0 50 35
0 40 35
0 30 35
0 20 35
0 10 35
1 0 35
1 -10 35
1 -20 35
1 -30 35
1 -40 35
1 -50 35
1 -60 35
0 50 40
0 40 40
0 30 40
0 20 40
0 10 40
1 0 40
1 -10 40
1 -20 40
1 -30 40
1 -40 40
1 -50 40
1 -60 40
0 50 45
0 40 45
0 30 45
0 20 45
