1 1 1951 296 1.3 19.8 43
1 1 1952 397 2.2 17.2 43
1 1 1953 360 2.5 4.3 43
1 1 1954 300 1.7 0.7 47
1 1 1955 326 1.4 2 38.5
1 1 1956 352 1.8 6.3 38.5
1 1 1957 195 2.3 2.5 38.5
1 1 1958 133 2.7 1.3 36.9
1 1 1959 109 2.6 1.8 36.9
1 1 1960 208 2.5 3.8 36.9
1 1 1961 173 2.5 2.5 49.2
1 1 1962 142 2.6 -0.3 49.2
1 1 1963 158 2.1 0.5 41
1 1 1964 243 1.6 2.4 41
1 1 1965 211 1.5 4 41
1 1 1966 183 1.7 3 33.1
1 1 1967 168 1.9 3.2 33.1
1 1 1968 249 1.8 2.7 33.1
1 1 1969 439 1.8 2.9 47.2
1 1 1970 515 1.6 3.9 47.2
1 1 1971 645 1.9 6.1 47.2
1 1 1972 416 2.6 5.9 53.6
1 1 1973 527 2.3 9.5 53.6
1 1 1974 1252 2.6 15.1 52
1 1 1975 702 4.8 15.1 28.3
1 1 1976 760 4.7 13.5 28.3
1 1 1977 328 5.6 12.3 30.7
1 1 1978 421 6.4 7.9 30.7
1 1 1979 778 6.1 9.1 30.7
1 1 1980 633 6 10.1 40.8
1 1 1981 779 5.7 9.7 40.8
1 1 1982 370 7 11.2 40.8
1 1 1983 313 9.8 10.1 60
1 1 1984 241 8.9 4 55.4
1 1 1985 226 8.2 6.7 55.4
0 2 1951 43 3.5 27.5 43.6
0 2 1952 39 4.7 13.6 43.6
0 2 1953 20 5.8 -1.6 46.7
0 2 1954 26 4.9 4 46.7
0 2 1955 28 3.6 0 46.7
0 2 1956 72 3.5 3.9 46.7
0 2 1957 21 3.3 2.8 46.7
0 2 1958 22 3.6 2 46.7
0 2 1959 23 3.3 1.1 47.3
0 2 1960 30 2.5 2 47.3
0 2 1961 49 2 3.5 47.3
0 2 1962 277 1.9 4.4 46.1
0 2 1963 15 2.1 2.7 46.1
0 2 1964 15 1.9 3.9 46.1
0 2 1965 64 1.9 4.9 46.1
0 2 1966 30 1.8 2.2 47.9
0 2 1967 7 1.8 4 47.9
0 2 1968 3 2 2.8 47.9
0 2 1969 8 1.8 3.1 47.9
0 2 1970 11 1.5 4.4 49.1
0 2 1971 2 1.2 4.7 49.1
0 2 1972 6 1.1 6.4 50.8
0 2 1973 61 1 7.5 50.8
0 2 1974 3 1.1 9.5 50.8
0 2 1975 2 1.7 8.5 50.8
0 2 1976 0 1.7 7.3 50.8
0 2 1977 0 1.6 5.5 50.8
0 2 1978 4 1.8 3.6 50.8
0 2 1979 0 1.7 3.7 51.9
0 2 1980 6 1.6 6.3 51.9
0 2 1981 1 2.1 6.8 51.9
0 2 1982 0 3.1 5.4 51.9
0 2 1983 0 3.8 3.3 49.2
0 2 1984 0 3.9 5.7 49.2
0 2 1985 8 4.1 3.2 49.2
0 3 1951 242 4.5 9.6 39.6
0 3 1952 356 5.2 0.9 39.6
0 3 1953 170 5.5 -0.3 39.6
0 3 1954 182 5.2 1.3 42.5
0 3 1955 403 4 -0.5 42.5
0 3 1956 372 2.9 2.8 42.5
0 3 1957 1453 2.4 3.2 42.5
0 3 1958 114 3.4 1.3 40.6
0 3 1959 383 4.1 1.2 40.6
0 3 1960 129 3.4 0.3 40.6
0 3 1961 35 2.7 1 42
0 3 1962 100 2.1 1.4 42
0 3 1963 90 1.7 2.2 42
0 3 1964 157 1.5 4.2 42
0 3 1965 25 1.7 4.1 33
0 3 1966 189 1.8 4.2 33
0 3 1967 64 2.5 2.9 33
0 3 1968 129 2.9 2.7 30.2
0 3 1969 56 2.3 3.8 30.2
0 3 1970 483 1.9 3.9 30.2
0 3 1971 410 1.8 4.3 30.2
0 3 1972 117 2.3 5.5 31.1
0 3 1973 282 2.3 7 31.1
0 3 1974 184 2.4 12.7 29.7
0 3 1975 196 4.4 12.8 29.7
0 3 1976 291 5.8 9.2 29.7
0 3 1977 216 6.6 7.1 30.2
0 3 1978 325 7.1 4.5 30.2
0 3 1979 197 7.3 4.5 29.3
0 3 1980 69 7.7 6.7 29.3
