1 41 190 67
1 36 118 72
0 12 149 74
0 18 313 62
1 23 299 65
0 19 99 59
0 8 19 61
1 16 256 69
1 11 290 66
0 14 274 68
0 18 65 58
0 14 334 64
0 34 307 66
0 6 78 57
0 30 322 68
1 11 44 62
1 1 8 59
0 11 320 73
1 4 25 61
0 32 92 61
0 23 13 67
0 45 252 81
1 115 223 79
1 37 279 76
1 29 127 82
0 71 291 90
0 39 323 87
1 23 148 82
0 21 191 77
0 37 284 72
1 20 37 65
0 12 120 73
0 13 137 76
1 135 269 84
1 49 248 85
1 32 236 81
1 64 175 83
0 40 314 83
1 77 276 88
1 97 267 92
1 97 272 92
1 85 175 89
0 10 264 73
0 27 175 81
0 7 48 80
1 48 260 81
0 35 274 82
1 61 285 84
1 79 187 87
0 63 220 85
1 16 7 74
1 80 294 86
1 108 223 85
1 20 81 82
0 52 82 86
1 82 213 88
1 50 275 86
1 64 253 83
1 59 254 81
1 39 83 81
0 9 24 81
1 16 77 82
1 122 255 89
0 89 229 90
1 110 207 90
0 44 192 86
0 28 273 82
1 65 157 80
0 22 71 77
1 59 51 79
1 23 115 76
0 31 244 78
0 44 190 78
0 21 259 77
0 9 36 72
1 45 212 79
1 168 238 81
1 73 215 86
1 76 203 97
1 118 225 94
1 84 237 96
1 85 188 94
1 96 167 91
1 78 197 92
1 73 183 93
1 91 189 93
1 47 95 87
0 32 92 84
0 20 252 80
0 23 220 78
0 21 230 75
1 24 259 73
0 44 236 81
0 21 259 76
1 28 238 77
0 9 24 71
0 13 112 71
1 46 237 78
0 18 224 67
0 13 27 76
